109
    31
    44
    76
    90
    38
    49
    47
    39
    21
    43
    45
    13
    27
    3
    11
    36
    64
    57
    4
    23
    73
    8
    89
    67
    16
    29
    1
    26
    35
    50
    18
    85
    46
    91
    88
    37
    78
    51
    70
    6
    62
    79
    28
    55
    3
    34
    42
    25
    93
    53
    2
    41
    75
    32
    83
    2
    24
    80
    97
    5
    15
    69
    22
    92
    74
    86
    14
    1
    6
    100
    56
    66
    54
    65
    81
    71
    82
    58
    6
    30
    77
    20
    94
    95
    7
    5
    63
    9
    96
    4
    99
    87
    48
    60
    12
    40
    84
    19
    52
    68
    61
    17
    59
    108
    33
    7
    72
    10
    98
