1717
200 39
36 143 512 0
127 107 6105 0
115 36 506 0
36 16 588 0
152 22 972 0
129 44 5021 0
105 176 5409 0
32 35 992 1
179 117 972 0
16 168 1143 1
107 181 3326 0
139 196 1456 1
146 47 140 0
161 2 996 0
138 135 1026 1
51 102 6355 0
97 49 1540 1
43 13 966 1
171 32 1648 1
114 161 1236 0
105 172 1544 0
181 148 2 0
148 172 506 0
144 41 1149 1
146 81 1613 1
19 109 7398 1
60 32 334 0
150 127 1415 0
83 67 3171 0
75 158 837 0
21 19 1643 1
151 190 994 1
165 140 1698 0
36 157 582 0
166 175 643 0
157 10 8979 0
151 72 1259 0
54 56 907 1
180 164 868 0
