3600
200 1000
157 184 3595 1
159 58 3597 1
138 151 3599 1
112 144 3594 0
130 9 3595 0
149 23 3591 0
53 185 3592 0
20 184 3598 1
70 47 3592 0
179 99 3598 1
35 154 3590 0
197 1 3597 0
191 135 3596 1
179 48 67 1
12 41 3592 0
132 33 3595 0
34 171 3591 1
3 129 3593 1
68 20 3599 1
79 112 3596 1
46 75 3594 0
14 188 3597 1
119 181 3596 0
100 25 3597 1
168 48 3598 0
132 98 3593 0
105 184 3591 1
112 89 3599 0
142 93 3599 1
58 77 3598 0
77 105 3592 0
18 189 3596 1
92 133 3599 1
115 146 51 0
69 149 3599 0
104 85 3590 1
22 191 29 0
133 126 3595 1
173 10 81 1
129 57 45 1
155 23 3597 1
183 67 3599 1
80 182 3591 0
175 97 3597 0
160 48 3591 0
160 177 3590 0
28 132 3595 1
2 127 25 0
97 64 22 0
3 89 3594 1
177 171 3593 1
49 141 3593 0
124 174 23 1
93 160 3595 0
43 68 44 1
119 11 3599 1
58 176 3595 0
143 152 3593 0
164 127 3597 1
136 169 3594 1
23 91 3595 1
172 74 22 1
68 150 3590 1
133 23 3851 0
122 64 3590 1
161 59 3594 1
22 65 3590 0
116 140 3592 1
93 138 3593 0
20 71 3596 1
32 5 3591 0
150 162 3599 0
61 42 3598 0
112 128 3590 0
21 77 3597 1
199 157 1549 1
110 10 3592 1
197 116 3590 0
14 10 103 1
97 185 95 0
177 188 3592 0
184 170 3592 1
88 60 53 1
121 176 3590 0
54 27 3597 1
43 52 3597 0
193 154 3598 1
142 102 3597 1
197 6 272 1
7 186 3593 1
69 53 3593 1
118 112 3598 1
110 106 3596 0
187 45 3599 1
27 48 3598 1
50 93 3596 1
63 43 3594 0
71 54 28 1
196 73 3593 1
194 163 3596 1
175 151 14 1
58 193 3593 0
95 190 3590 1
49 98 3591 1
149 19 3591 1
23 76 46 0
61 108 3592 1
27 118 3599 1
149 120 67 1
48 167 3592 0
21 142 23 1
37 1 56 0
2 109 3593 1
128 87 3595 0
113 112 3597 0
142 66 3599 1
26 186 3591 1
30 121 3592 1
28 155 35 0
82 137 3596 0
82 1 3593 1
134 39 3593 0
30 193 3597 0
139 108 47 1
156 21 49 1
165 179 41 1
103 61 3593 1
173 135 3596 1
10 104 3596 0
152 78 3593 0
120 34 3592 0
25 48 3592 1
170 6 595 1
102 190 3596 0
169 166 101 1
62 183 3596 0
42 198 3597 1
91 153 3597 0
130 154 3595 0
47 164 3594 1
166 66 3590 1
59 120 3593 0
166 136 3598 0
163 16 72 1
91 42 3597 1
22 142 38 0
198 52 3594 0
119 175 3591 0
175 152 44 1
115 88 3592 1
167 190 483 0
116 13 3593 1
97 93 3592 0
47 75 3598 1
7 120 3599 0
166 21 3592 0
107 51 96 1
187 84 3597 0
139 106 3598 0
118 181 67 1
81 15 3599 0
64 136 3590 0
47 184 3596 0
116 82 91 1
195 109 3595 0
50 32 3596 1
127 194 3591 0
92 107 3592 1
163 27 3599 0
105 138 31 1
49 81 3596 1
16 86 3594 1
32 126 3592 1
86 13 3596 0
180 191 3598 1
178 172 3596 0
138 30 3594 0
19 38 4 0
168 101 3598 1
55 126 3593 0
56 9 3593 1
171 14 3591 1
104 119 3599 1
12 94 41 0
131 153 3591 1
71 141 3597 0
112 12 3597 1
135 86 240 0
122 57 3595 0
172 79 40 1
75 54 3594 0
57 100 3599 0
176 57 3593 1
167 187 3594 0
129 178 4307 1
120 153 3597 1
149 105 3595 1
123 161 3599 0
118 78 3595 1
81 67 3594 0
131 157 3597 0
32 191 3599 1
20 61 36 0
112 189 3593 0
104 24 3598 0
53 52 3597 1
133 34 3656 1
26 102 3599 1
45 39 96 1
174 59 3591 1
156 105 3599 1
191 81 41 1
93 34 3590 0
42 149 3594 0
193 165 3597 0
150 87 3593 0
83 110 3599 0
177 102 3591 1
46 142 3596 0
84 53 11 0
126 123 49 0
1 90 3591 1
131 137 3597 0
125 129 83 0
131 170 288 0
191 112 3594 0
174 101 3592 1
197 181 3590 0
126 104 3595 1
81 87 3594 0
5 141 3599 0
54 82 3595 1
159 133 3590 0
32 83 37 0
36 47 12 1
11 2 3598 0
48 85 3596 1
154 190 3590 1
163 115 3592 0
33 170 3594 1
179 122 3596 1
26 29 3595 1
154 182 3591 0
81 59 3594 1
101 138 3593 1
143 38 3599 1
197 176 3596 0
46 93 3594 1
99 104 3594 1
120 42 3597 0
7 20 3593 0
41 163 4903 1
162 31 3590 0
49 40 3592 1
190 66 3595 0
188 173 3599 0
157 183 3596 1
86 34 3597 0
128 28 3597 1
52 100 3594 1
95 51 3598 0
190 136 3599 0
132 20 3598 1
130 48 3595 1
159 55 3590 1
140 5 3592 1
39 13 3598 1
7 122 3596 0
29 96 3591 0
187 24 69 0
19 16 42 0
103 48 32 0
112 66 3591 0
36 152 3597 0
138 2 3599 1
85 87 3597 1
124 96 3592 0
174 182 3597 1
86 38 3594 0
189 164 3595 1
178 31 4948 1
132 135 3599 0
80 35 3593 0
37 98 3599 1
73 143 3593 1
122 79 3591 1
58 170 3598 0
150 182 106 0
51 114 3591 0
29 194 38 1
2 35 3598 0
184 39 3599 1
144 17 3597 0
177 169 3598 1
7 70 3598 0
113 136 3593 1
24 193 151 1
34 75 3596 0
196 136 3598 1
167 89 3593 1
193 26 3590 1
154 21 3591 1
87 192 3595 1
58 110 3593 1
18 159 44 0
148 126 3597 0
111 16 3597 0
160 132 164 1
196 183 116 0
151 99 3592 0
107 82 3594 1
9 77 3591 0
133 77 8 0
162 30 14 1
54 13 3590 1
195 70 3593 0
140 11 3599 0
130 162 3592 1
5 122 3590 1
60 75 13 1
121 130 3590 0
32 116 3594 1
130 81 3595 0
73 12 3598 0
67 145 3590 1
62 77 68 0
163 15 4449 0
41 81 3591 0
28 191 3596 0
62 192 3596 0
124 47 3594 1
192 151 3591 0
166 31 3590 0
12 175 3598 0
133 152 3597 1
159 33 20 0
132 11 14 1
121 97 3590 1
143 159 3594 1
106 0 2 0
166 20 3594 0
78 87 90 1
76 177 22 1
38 114 3592 1
186 147 1 0
70 19 3594 0
46 192 3598 0
12 17 3599 0
175 154 3593 1
179 177 3596 0
134 104 3596 0
78 108 3590 1
182 130 3596 0
124 142 3594 1
66 113 3597 1
4 161 3591 1
31 117 3599 1
176 30 3592 0
53 29 3595 1
47 151 3596 1
83 155 3595 0
76 155 3593 1
35 115 33 0
197 23 3590 0
192 40 20 0
193 82 3592 0
167 149 3591 1
126 12 3597 1
26 15 3591 1
150 113 3591 1
154 115 3597 1
23 125 3593 1
187 182 3590 0
71 107 3591 0
31 25 3594 0
3 104 3597 0
99 116 3593 1
192 81 3599 1
195 111 3590 1
18 51 3596 0
103 152 3596 1
194 80 3595 0
37 114 3594 0
101 73 3598 0
59 104 3592 1
84 85 3593 0
60 187 3595 0
99 64 66 0
81 55 3592 1
193 142 3591 0
76 24 3594 0
117 47 3598 1
144 108 4 0
53 176 3593 1
5 189 3590 0
168 111 3593 1
112 114 3593 0
171 44 3597 0
51 138 3597 0
91 109 41 0
94 145 3595 1
25 151 3599 1
4 38 3593 0
26 27 3598 1
50 111 51 1
51 108 3592 0
164 11 3591 1
26 156 3595 0
153 3 3590 0
1 115 3594 0
40 63 3593 1
174 47 3598 1
115 9 3596 1
131 190 3597 1
134 106 3591 1
161 68 3 1
148 93 33 0
132 92 3591 1
25 160 3595 0
126 41 3598 1
81 51 3596 0
68 34 3590 1
29 126 3594 1
71 106 34 1
70 177 3590 0
17 164 3591 0
11 77 3597 0
17 77 3590 1
25 193 137 1
18 74 3595 0
198 123 3593 0
82 70 176 0
102 19 3591 1
2 159 3594 0
192 135 3598 0
27 22 3598 0
79 182 3598 0
187 105 3594 0
19 138 3594 0
109 151 3591 0
182 9 3599 1
6 5 3594 0
149 170 3592 0
143 126 3590 0
176 102 3596 0
62 173 3597 0
81 31 11 0
85 107 3596 0
4 185 3597 1
104 120 1 0
157 170 3590 0
68 171 3591 1
2 14 105 1
5 42 3591 1
176 107 3593 1
135 101 330 0
128 123 3594 1
199 140 390 1
55 21 3594 1
105 125 3597 0
148 188 3597 1
26 171 101 0
195 94 3597 0
195 87 140 1
127 183 3593 0
134 62 14 0
169 51 70 1
153 38 47 0
166 27 81 0
32 131 3592 0
59 9 3596 0
27 145 3592 1
112 108 3593 0
49 34 3590 1
180 123 3592 1
126 192 3597 0
196 56 56 0
133 43 3594 0
124 54 3595 1
87 147 3596 0
50 2 3592 0
32 18 3590 0
115 190 3595 0
81 188 3595 0
116 106 3591 1
70 84 3592 1
101 81 3598 0
17 145 3599 0
168 99 3596 1
169 63 3591 1
156 7 3590 1
16 4 3599 1
40 164 3591 0
107 105 3596 0
147 182 3597 0
24 2 3595 1
72 57 3590 1
53 7 16 0
83 150 3595 0
171 131 3596 0
62 119 3594 1
92 100 300 1
106 128 3594 0
165 10 3592 1
58 42 3592 0
53 187 3595 1
48 66 3597 1
67 147 3592 1
32 10 3597 0
126 175 3593 0
150 166 3594 1
52 183 3594 1
112 157 977 0
5 195 74 1
121 10 3593 1
1 125 3597 0
140 138 3590 0
98 141 3594 0
190 96 7 1
150 8 3595 1
6 111 3596 1
63 185 41 1
165 90 3592 0
119 6 3592 0
40 48 3599 0
97 162 3594 0
59 87 3595 0
83 25 3595 0
185 130 3592 0
75 49 78 0
77 124 3593 0
150 37 3594 0
30 141 16 1
140 106 3593 1
95 113 54 1
29 103 3597 0
126 140 3595 1
66 93 3592 0
18 22 3598 1
109 14 3590 1
72 128 3594 1
39 29 3599 0
142 146 3599 1
170 129 3593 1
76 82 3598 1
9 8 3596 0
2 18 3591 1
182 183 119 0
197 101 214 0
63 161 73 1
164 121 1 0
147 94 3598 1
66 13 3590 0
171 154 22 1
47 111 3597 1
8 32 55 1
91 178 3780 0
145 84 24 0
59 99 3594 0
76 80 3592 0
180 186 35 1
8 1 3597 0
15 158 3597 0
96 18 107 1
10 87 3595 1
188 76 3593 1
78 196 3591 0
116 50 3596 1
198 129 3593 1
90 61 3599 0
40 66 30 1
41 62 3592 0
36 27 3591 1
127 43 51 0
55 1 3592 0
41 114 3591 1
1 27 3593 1
49 32 3593 0
35 142 3593 1
174 188 7 0
91 164 3593 1
26 61 3596 1
143 41 3596 1
14 176 3593 0
174 111 3590 0
6 183 3591 1
160 34 101 1
36 52 40 1
192 103 19 1
15 162 3595 0
178 85 3596 0
36 96 3596 0
5 56 3599 0
9 10 3597 1
42 47 3597 1
167 119 3593 1
57 182 3594 1
191 88 3598 1
101 41 3593 0
170 20 3591 1
78 1 3595 1
99 9 92 1
128 184 149 1
88 162 3597 1
8 24 3593 1
161 83 3592 1
150 23 3593 0
60 89 3593 0
194 17 3592 1
148 198 3595 0
173 145 3599 0
37 125 7 0
167 112 409 0
69 79 3 1
4 62 3591 1
65 142 3598 1
4 110 58 0
126 47 3599 0
109 87 3596 0
163 57 3969 0
97 19 3596 1
150 127 3591 1
72 102 3591 0
70 129 3596 1
32 175 3599 0
128 117 111 1
3 67 38 1
158 95 19 0
67 26 110 1
123 58 1 0
7 102 3598 0
42 184 3594 0
104 90 3598 1
114 152 3595 1
111 26 3597 1
1 126 3590 1
4 126 12 1
125 19 3595 1
41 28 3590 0
145 117 3599 1
102 88 3595 0
83 47 3598 1
33 59 3598 1
152 120 3592 0
57 10 3598 0
129 159 3591 0
196 188 3591 1
130 104 3597 0
80 84 3592 1
31 80 3596 1
67 174 3593 0
90 87 3597 0
120 134 3599 0
180 161 3590 0
176 113 3599 1
176 20 3590 1
141 61 51 1
91 13 3593 0
157 151 3599 1
100 126 3599 1
72 156 3596 0
46 58 38 1
12 162 3 0
83 57 3593 0
148 67 3599 0
107 11 3591 0
115 32 3594 1
7 146 60 0
184 44 42 1
173 1 3596 0
87 74 3591 0
123 28 3590 1
46 57 3593 0
2 150 3593 0
4 55 3597 0
191 151 3594 1
165 79 3597 0
158 83 3592 0
189 188 62 1
187 179 3592 1
148 52 3592 0
22 3 3590 0
60 188 3599 0
83 55 3595 1
93 65 23 1
69 74 3596 0
22 172 3599 1
115 126 3599 1
103 149 3599 1
83 191 3596 0
132 41 3594 0
74 169 3598 0
187 90 3598 0
8 98 11 1
13 23 33 0
108 117 3599 0
2 185 3591 1
49 50 55 1
109 117 59 1
148 155 3595 1
104 98 12 1
83 126 3590 1
73 57 28 1
150 173 13 1
8 189 3593 1
161 77 3598 1
39 176 3597 0
154 146 3590 1
143 158 3597 1
42 17 126 1
195 145 3594 0
52 84 3597 1
188 66 3594 1
153 78 3599 0
135 114 3599 0
139 193 3596 0
24 147 3592 1
131 64 3592 0
66 107 3590 1
29 177 3594 0
105 43 3595 1
179 118 3593 0
45 64 3593 0
73 99 3594 1
166 127 3592 1
105 65 3595 0
133 164 66 1
146 158 3590 1
39 81 3590 1
115 62 3596 0
143 115 3599 1
59 7 3595 0
70 101 3598 1
83 141 3596 0
192 66 3596 1
52 162 3595 0
114 72 3597 1
89 65 24 0
168 11 170 1
56 24 3596 0
163 28 46 0
83 194 23 0
23 5 3592 0
30 146 3590 1
143 70 155 0
17 48 3595 1
124 17 3594 1
80 0 245 0
77 190 3599 0
5 168 132 0
152 195 3593 1
137 90 5 1
189 50 3593 1
198 164 3593 1
128 39 3591 0
74 36 3590 0
92 143 535 1
142 25 3590 0
177 181 3595 1
56 20 3599 1
97 96 3591 1
52 130 61 1
9 181 3598 1
48 60 3591 1
93 31 3598 0
141 54 3593 0
2 55 3597 1
136 119 105 1
125 162 3597 1
55 117 3595 0
76 2 3599 1
137 156 3592 0
198 176 78 1
47 112 3596 1
46 15 3597 0
147 116 3591 1
90 81 3599 0
147 76 3598 0
194 94 3598 0
59 73 33 1
37 20 3593 0
89 1 76 0
129 80 3594 0
149 139 3595 1
122 166 3592 1
91 33 205 0
9 180 3595 0
161 125 3594 1
110 103 3595 1
90 66 54 0
111 118 59 0
166 184 3592 0
143 6 3594 0
28 178 5127 0
160 153 3596 0
9 14 3598 0
34 13 108 0
124 83 3597 0
83 82 3598 1
183 61 3593 0
167 76 3592 1
195 18 3598 0
20 145 3591 0
85 15 3815 0
48 140 3594 0
185 158 3590 0
54 109 3597 1
131 199 839 1
27 12 3596 0
130 46 3594 0
156 102 35 0
116 25 262 0
174 193 3592 0
69 28 3591 1
185 167 3596 1
108 158 3592 1
90 146 3598 0
118 1 3594 1
90 139 3597 1
45 104 3593 1
74 107 89 1
57 26 3596 1
133 27 3595 1
180 132 3599 0
186 197 3598 0
9 144 3598 1
149 101 3598 1
114 177 7 0
164 167 3595 1
139 122 28 1
39 59 3595 0
182 196 3591 0
181 150 3593 0
0 41 2 0
85 69 98 1
75 139 3599 0
51 134 3595 0
162 44 3594 0
144 177 3590 0
15 53 3597 0
44 42 3597 0
102 138 47 1
36 56 3597 1
77 129 3594 1
33 107 3594 0
119 187 28 1
148 90 3594 0
36 90 3598 1
146 9 3599 1
179 184 3591 1
158 18 3595 1
138 189 3594 1
183 112 3591 1
54 31 48 0
20 80 50 0
62 111 3593 1
65 120 3590 1
71 130 3590 0
139 16 3598 0
151 189 54 1
114 165 3594 1
83 185 3599 0
83 128 3594 0
125 123 3599 1
179 125 3590 0
188 16 3590 0
165 9 67 0
108 120 3597 0
176 15 50 1
196 60 3599 0
26 119 3593 0
195 172 3595 1
59 27 26 0
77 97 3592 0
161 116 3598 0
94 37 3590 0
23 28 3596 1
45 178 105 0
44 17 67 1
90 5 3595 0
167 151 3590 1
90 105 3591 0
46 2 3591 0
158 94 50 0
111 133 3599 0
68 177 3595 0
50 42 3594 0
163 156 4126 0
162 101 3595 0
48 72 3594 0
106 50 3591 0
88 46 57 1
105 55 24 0
11 6 3598 0
91 143 3590 1
91 93 3592 1
33 67 3590 1
151 144 3591 1
100 138 3592 1
112 137 3595 0
161 31 3597 0
12 170 3595 1
108 171 3592 1
18 151 3594 1
82 31 3597 0
55 149 3590 1
87 71 3598 0
146 100 3590 1
100 140 608 1
18 165 3593 0
121 47 2 1
79 115 3590 1
11 154 3595 1
26 20 3590 0
82 178 3596 1
173 17 3596 1
86 78 61 0
174 96 3590 1
65 6 3594 0
81 117 3591 0
23 6 3596 1
7 178 4058 1
135 181 3590 1
120 73 3597 0
120 126 3590 0
56 44 3596 0
102 27 3593 1
137 155 5 1
110 81 3595 1
72 29 5 0
48 117 3594 0
114 85 14 1
179 135 3596 1
3 91 3593 0
124 113 28 0
139 111 3590 1
181 15 54 0
82 40 3590 0
177 192 3595 1
134 198 65 0
96 5 3595 0
37 142 3599 1
139 52 3594 0
149 87 3596 0
133 41 4020 1
3 178 97 1
53 60 3590 0
159 78 3598 1
65 169 3597 0
109 89 3599 1
180 144 27 1
59 49 3593 1
151 111 3597 0
63 19 3595 0
162 35 3596 0
78 139 3599 0
104 29 3595 0
177 121 3591 0
146 60 3599 1
4 139 3599 0
182 49 3599 1
89 179 3593 0
176 75 3593 0
177 17 3598 1
42 11 3590 1
22 79 3590 1
169 147 3593 1
127 182 3595 1
74 110 3590 1
148 149 35 0
72 55 22 1
41 122 15 1
120 13 3598 1
45 34 3597 1
141 63 3594 0
165 3 3590 1
99 7 3599 0
182 194 3598 1
52 104 3597 0
113 34 3599 0
130 35 43 0
106 30 3598 1
81 107 3596 1
122 113 3597 1
136 56 129 1
111 155 3594 1
132 140 3599 0
9 193 3592 0
145 147 12 0
154 42 136 1
58 111 3591 0
48 86 3592 0
79 193 3595 0
98 114 3592 1
56 28 3595 0
60 21 3598 1
153 152 58 0
110 39 78 1
100 42 3594 1
145 5 3598 0
