3600
50 100
19 21 3596 0
25 41 3596 1
47 23 3594 1
25 13 3597 0
9 39 3591 0
32 34 3597 1
20 30 3597 1
24 21 3592 0
17 5 3595 0
3 9 3597 1
48 29 22 1
39 46 3593 0
5 18 246 1
0 22 2 0
0 36 2 0
7 23 314 0
23 10 85 1
45 26 20 0
35 49 2447 1
4 9 3596 0
23 29 3592 0
33 38 228 1
15 30 3597 1
8 11 3595 0
45 22 3597 0
29 26 3595 0
13 11 155 1
28 31 202 0
37 23 3599 1
13 10 243 1
39 6 278 1
40 6 303 0
25 30 3590 1
32 2 3596 1
17 37 237 1
29 14 53 1
21 7 3592 0
27 24 3595 1
31 41 3599 0
39 11 3599 1
8 9 158 0
19 11 165 1
5 43 110 0
44 27 3595 1
31 16 3595 0
45 47 3595 1
39 16 1045 0
9 16 3593 1
15 49 991 1
7 2 433 0
31 24 25 0
1 16 3599 1
20 42 208 0
12 48 101 1
5 36 3597 0
4 45 3592 1
1 0 245 0
26 25 3590 1
17 36 49 1
40 34 257 1
21 27 247 1
4 23 3599 0
36 21 3596 1
20 5 3591 0
27 20 266 1
28 4 71 1
49 16 1722 1
18 3 233 0
45 44 579 0
14 41 169 1
12 46 682 1
42 34 299 1
2 37 3599 0
25 8 151 0
48 30 3596 1
45 6 3594 0
47 46 908 1
29 38 3592 1
4 14 3598 0
24 23 3594 1
18 31 3596 0
7 35 3591 0
41 4 64 1
32 35 406 0
26 32 1035 0
33 22 106 0
17 15 3591 0
10 29 3598 1
25 1 146 1
10 5 3596 0
21 3 181 0
1 43 3593 1
37 36 3595 1
30 38 92 1
44 2 169 1
37 43 197 0
19 9 190 1
30 24 210 1
47 15 10 1
22 21 3594 0
