3000
200 1000
17 167 2996 0
64 162 2996 1
99 17 37 1
9 35 2991 1
74 11 2997 0
84 192 2996 0
91 114 50 0
122 114 2996 0
70 26 2998 0
143 94 2992 0
194 141 43 0
177 89 42 1
197 43 2996 0
170 88 2990 0
71 163 2999 0
108 127 13 1
81 39 2992 1
7 165 42 1
90 67 2999 0
138 174 44 0
151 147 2993 1
116 121 2992 1
132 82 2991 1
161 31 2992 0
156 97 2994 0
67 154 2994 0
161 116 2999 1
196 70 2991 1
77 165 2991 1
32 159 2993 0
85 122 2990 1
28 161 2993 0
152 149 33 1
94 39 2993 1
150 64 2992 0
50 56 2990 1
14 99 2996 1
40 103 2992 0
75 17 2997 0
56 93 2998 1
150 151 120 0
175 26 2992 0
186 52 2992 0
175 120 2991 0
9 171 2996 1
113 41 2996 0
148 8 2990 0
170 36 2994 1
127 64 2994 0
149 97 2997 0
66 102 12 1
134 183 2998 1
52 196 2995 1
38 137 158 0
9 51 2994 0
112 142 2994 1
77 74 2993 1
165 153 2995 0
36 99 2990 0
67 83 75 1
112 10 2990 0
119 178 2990 0
174 71 2996 0
179 93 2991 0
66 184 2991 0
50 191 2993 0
95 120 2996 0
69 5 2997 1
164 68 2995 0
81 3 2994 1
119 115 36 1
69 79 2997 0
65 4 2998 0
66 109 2995 0
180 176 2991 0
121 48 2992 0
3 133 49 1
161 58 2992 1
68 49 2990 1
82 74 2990 1
159 22 26 0
95 91 2996 0
62 195 2993 0
58 146 2994 1
83 35 2990 0
188 85 2998 1
108 104 2993 1
87 5 2992 0
31 97 66 0
13 52 2991 1
28 94 2998 0
1 184 2995 1
21 48 2992 1
26 38 2992 1
110 49 2995 0
72 5 2996 1
35 149 2996 1
37 146 2990 0
144 31 3530 0
21 130 2994 0
48 17 2992 1
148 112 2993 0
84 136 41 1
43 166 2991 0
175 104 2996 0
89 182 2998 1
49 10 2993 1
140 176 10 1
112 66 2999 1
59 136 37 0
108 100 2991 1
99 81 2994 0
18 133 2998 0
149 31 64 1
140 121 52 0
177 133 2997 0
181 78 2990 0
178 138 17 1
110 73 21 1
8 153 2990 0
63 20 2991 0
128 29 50 0
113 176 2996 1
157 86 2999 1
9 65 2995 1
194 86 2995 1
13 66 2991 1
80 181 2997 0
156 143 2996 0
120 45 2995 0
86 67 2996 0
115 9 2992 0
192 26 2994 1
8 53 160 1
158 167 2991 0
25 189 2993 0
7 128 2996 1
10 23 2996 1
142 144 2997 0
188 72 2990 0
156 87 2991 0
112 163 2990 1
125 121 2997 0
81 89 2997 1
111 71 2999 0
10 60 58 1
62 168 2 0
64 132 2997 0
197 165 42 0
105 93 123 1
37 145 2993 1
182 85 2997 0
41 5 22 1
60 56 2993 1
197 34 2997 1
30 126 2990 0
135 138 2997 0
162 118 2992 0
33 35 2990 0
171 155 2990 0
173 82 2993 0
31 128 2998 1
144 49 7 1
192 105 2992 0
91 193 62 0
40 56 7 1
45 32 2991 0
138 69 2990 0
189 34 2995 0
14 100 30 0
140 98 2993 0
3 161 2996 1
142 86 2999 0
91 98 2992 1
180 75 49 0
13 54 2997 1
9 19 2995 0
89 181 12 0
41 198 2996 1
148 150 2996 1
128 22 4088 0
144 6 3702 0
177 34 40 0
112 136 2995 0
198 185 2994 0
1 52 63 1
73 45 2992 0
147 97 2997 0
190 187 2992 0
22 20 4041 0
113 165 2995 1
160 74 23 1
64 100 10 1
61 25 2995 0
166 86 2996 0
55 175 2996 0
29 37 2995 1
142 134 2992 0
154 112 2992 0
3 110 2991 1
40 128 2998 0
178 53 2999 1
86 88 2992 1
177 102 2996 0
50 188 2994 0
23 136 2991 0
51 119 2997 0
55 112 2998 0
134 9 2998 0
172 75 6 0
10 102 2996 1
63 166 2998 1
62 140 3234 1
70 87 27 1
30 196 57 1
118 126 71 0
100 29 2995 1
42 160 2991 0
9 167 2994 1
19 148 54 1
44 128 2992 0
127 76 2993 0
136 9 2997 0
166 41 23 1
110 155 36 1
199 53 753 1
110 36 2992 0
95 92 21 1
101 111 2995 1
50 135 98 1
109 166 2997 0
133 128 2990 1
72 166 2994 1
56 161 2997 0
194 171 2998 1
166 107 2990 0
78 146 2997 1
84 107 2996 1
31 117 2990 0
6 27 46 0
187 127 2991 1
102 153 2999 0
152 40 2994 1
56 111 2998 0
131 182 9 1
106 69 24 1
93 115 2993 0
150 190 2994 0
118 35 2996 1
122 92 26 1
191 112 2990 1
161 38 27 1
195 2 2992 1
117 148 2992 0
26 16 64 1
29 130 2999 1
26 3 2991 1
85 125 2991 0
161 146 2994 1
159 75 2992 1
157 6 2990 0
81 124 2997 0
75 146 2999 0
187 154 91 0
149 75 2991 0
74 131 2993 0
31 57 2995 0
37 53 2997 1
129 67 2999 1
60 25 2998 1
197 144 2999 0
84 105 2996 1
145 19 2999 0
135 18 2990 0
161 2 2993 0
61 60 2999 0
93 41 2992 1
57 22 4090 0
187 191 2998 1
174 159 2995 1
23 69 2999 1
56 104 35 0
160 172 2998 0
113 88 2999 0
197 161 2999 1
46 80 24 0
131 190 2998 0
112 34 2994 0
195 57 13 1
81 129 2994 0
101 169 2992 1
90 188 22 0
38 79 2991 0
8 29 2998 1
180 16 2999 0
196 4 2990 0
150 49 2999 0
145 53 2990 0
72 129 56 0
154 19 2994 1
14 156 9 0
93 51 2990 1
82 23 10 1
8 177 2996 0
128 55 2997 1
147 43 88 1
10 42 11 1
166 50 2991 1
198 93 2996 1
161 35 2998 0
44 5 45 1
185 61 2997 1
159 176 2994 1
123 164 97 0
62 189 97 0
107 71 2991 1
16 142 2992 0
182 194 2997 1
71 94 15 0
102 57 2997 0
184 199 1294 1
50 165 2991 1
37 46 2993 0
4 47 2993 1
155 180 2 1
155 46 2997 1
156 154 2997 1
13 170 15 0
148 20 2997 1
122 194 2999 1
118 89 2992 0
61 192 2990 1
7 190 2992 0
89 87 2994 1
69 157 58 1
186 135 2998 1
195 110 2991 1
7 25 2994 0
146 177 2992 0
49 22 2992 1
115 50 2999 0
74 79 22 0
53 71 2995 1
127 189 2993 1
115 56 2997 0
80 60 77 1
186 46 2995 0
91 144 2994 0
129 178 2994 0
144 95 3370 1
144 110 2999 0
61 110 2998 0
68 90 2990 1
73 63 14 1
54 148 2996 0
148 55 2991 0
25 78 56 1
26 132 20 0
154 124 2998 1
142 13 38 1
196 33 2992 0
71 105 2994 0
135 17 2991 0
169 63 2993 0
57 170 2996 0
138 170 2990 0
81 78 64 1
58 133 2998 0
28 60 2997 1
114 103 2998 0
174 89 2997 1
173 29 2994 0
125 32 2991 0
88 75 2998 1
146 60 2995 1
165 21 2997 1
9 139 2999 1
87 54 2992 1
160 88 2999 0
55 40 2993 1
145 122 2990 1
72 179 2994 1
162 73 2992 1
120 88 2990 0
57 64 2998 1
139 76 2998 1
112 127 2995 0
88 49 83 1
154 192 10 1
7 184 2994 1
144 47 3624 0
155 126 2992 0
125 12 2999 0
60 30 2998 0
178 5 2995 0
26 181 2998 0
102 167 2997 0
64 11 2996 0
51 167 474 1
21 142 1 0
170 169 2993 1
126 56 2997 0
120 130 2990 0
142 87 2997 1
31 96 2990 0
153 77 2995 1
197 3 2996 1
75 51 2994 0
195 198 30 1
94 156 2995 1
163 174 28 1
57 82 2998 0
99 43 2994 0
158 36 2999 1
21 157 2995 1
141 133 37 0
135 11 125 1
136 83 2999 1
38 44 2995 0
107 191 55 1
108 14 2999 0
112 67 121 1
148 59 2999 1
81 20 2995 0
187 101 2999 0
194 187 2990 1
4 133 2991 0
15 58 26 0
159 14 3224 1
31 145 2996 1
72 59 2998 0
178 170 19 1
16 94 2994 1
6 160 2999 1
184 150 2996 1
33 97 2994 0
46 66 2991 0
36 84 2991 1
7 32 46 0
72 132 31 0
150 104 2999 1
58 32 2993 0
197 72 2990 0
94 188 4 0
190 169 162 1
61 71 2992 1
33 111 52 1
134 25 2993 0
34 162 16 1
92 15 2990 1
81 187 2992 1
75 101 2997 1
40 162 2998 1
19 64 2999 1
99 119 2993 0
92 81 2995 1
80 171 2995 1
121 103 2994 0
113 198 8 0
112 130 183 0
99 69 2998 0
55 171 2993 0
121 35 2999 0
195 6 2993 0
88 15 2993 1
68 173 2996 1
90 93 2995 0
45 107 2999 0
117 159 2998 1
31 36 2995 0
102 71 2995 1
25 59 2994 1
67 54 2994 1
199 186 1134 1
176 162 2993 0
96 100 2998 0
147 114 14 0
178 30 2991 0
159 142 2995 0
69 123 2995 1
17 39 58 0
123 191 2992 1
167 135 2997 0
41 24 2990 0
156 89 2999 0
87 183 2990 0
95 113 2990 1
192 59 2998 1
181 123 2999 1
104 156 2997 0
85 168 2993 1
145 140 2990 1
62 32 2993 1
41 68 2999 0
117 13 2990 0
74 39 2994 0
111 24 2990 0
13 190 2990 1
38 110 2999 1
124 39 2990 1
186 179 2995 0
197 179 2998 0
184 198 2994 1
174 16 2991 1
40 5 2996 0
193 17 2994 1
32 15 40 0
179 132 2994 1
29 192 2996 1
44 9 2998 0
35 144 3533 0
5 163 2994 1
149 182 2998 1
76 2 28 1
155 189 2994 1
87 20 2992 1
135 21 2995 0
32 188 2992 1
30 123 2996 1
36 77 2991 0
131 125 2995 0
111 155 2998 0
149 37 2990 0
50 45 2993 1
52 173 2998 0
85 58 15 0
53 19 2991 1
70 80 2995 0
152 4 2990 0
79 8 2996 1
79 129 18 0
49 169 2992 1
14 50 2994 0
77 133 2998 0
179 26 2997 1
131 87 2995 0
156 11 2995 0
64 35 40 1
173 186 474 0
30 47 2990 0
170 153 2990 1
65 158 218 0
90 60 2999 1
164 105 163 1
120 87 43 1
24 183 3 0
39 183 2993 1
21 88 2991 0
55 45 43 0
117 53 2996 0
181 46 40 0
45 119 2992 1
82 50 2996 1
29 36 2990 1
72 167 2994 0
107 77 2 0
0 57 2 0
77 55 36 0
46 103 2992 0
51 8 189 1
93 133 2997 1
44 60 2991 0
152 102 2990 0
76 175 2995 0
153 44 2993 1
191 31 2998 0
125 31 2992 0
92 83 2997 1
66 103 2996 0
158 10 2994 1
36 95 2990 0
47 70 2997 0
144 147 2995 0
156 44 2993 0
38 155 2990 1
193 27 2998 0
103 120 2991 0
83 125 69 1
147 57 2992 1
35 171 2992 1
3 136 2997 1
118 168 2997 0
96 42 74 1
127 8 2998 1
37 154 2999 0
8 107 2995 1
2 137 2999 1
65 99 2992 0
119 128 2999 1
76 136 2999 0
180 63 2998 0
64 54 2994 1
77 146 2993 1
62 118 2999 0
105 134 2998 1
33 160 2997 1
120 19 2992 1
144 109 3255 1
7 107 2990 0
190 22 3049 1
98 58 2999 1
48 170 2999 0
61 81 13 1
140 11 3144 1
24 161 2995 1
134 22 2997 0
126 47 78 1
103 157 2992 0
157 159 2994 0
171 16 2995 0
101 191 241 1
109 179 45 1
10 133 2998 0
97 109 2997 0
61 155 2997 1
172 143 19 0
124 131 79 1
179 42 2993 1
67 168 2999 1
161 177 2997 1
139 136 2996 1
83 177 2992 1
37 39 11 1
71 114 2991 0
174 156 2994 0
66 192 108 1
171 74 2995 0
179 120 39 0
23 117 49 1
108 129 2990 1
75 128 2990 0
194 21 10 1
37 1 54 0
166 129 2991 1
168 161 2993 1
17 41 2992 1
95 9 2998 1
185 68 2999 1
139 145 2994 0
10 81 2991 1
8 82 2995 0
159 115 60 1
21 178 2990 1
17 129 2991 1
34 68 2991 1
5 175 2999 0
114 112 2993 1
128 153 2994 1
84 194 2999 0
197 96 2997 1
134 12 52 1
169 35 2996 0
156 132 2994 1
8 10 2992 0
186 44 2997 1
68 104 1 0
101 68 2996 1
86 28 2992 1
134 184 2990 1
182 99 2994 1
108 163 2994 1
46 22 2997 0
136 116 2993 1
180 182 2994 1
82 9 2998 1
69 19 2996 1
92 66 2996 1
95 133 2999 0
150 188 2992 1
151 187 128 0
157 174 2997 0
189 92 2994 1
93 57 2998 0
90 35 2992 1
12 17 2992 0
65 24 2991 0
93 119 2991 1
153 187 2995 0
51 158 2997 0
134 157 2998 1
68 4 2997 0
83 154 2993 1
76 171 54 1
164 176 2997 1
84 96 2991 0
136 57 2992 1
18 9 8 0
162 54 15 1
154 29 2998 1
79 186 2991 0
168 11 17 1
6 104 2998 1
128 86 2997 1
82 27 8 0
151 47 2997 1
139 186 2991 1
31 163 2995 1
106 153 74 0
18 6 1 0
59 52 39 1
116 86 51 1
125 109 2991 0
10 31 2991 0
123 50 57 1
32 145 2990 0
121 109 2993 0
163 115 2999 1
113 108 37 0
140 112 2999 1
155 52 2994 1
9 99 33 1
36 22 57 1
113 115 2997 0
91 153 2990 1
70 121 44 0
198 37 2995 1
30 124 20 1
37 184 2996 0
166 60 2996 1
31 192 2994 0
24 71 44 0
70 125 2999 0
25 12 37 1
88 134 19 1
10 30 2998 0
64 73 2999 1
25 194 2997 0
72 183 2990 1
109 51 2996 1
106 151 2995 1
159 16 2993 1
158 101 186 0
146 63 36 0
75 127 2997 1
38 18 2996 0
85 18 2999 1
97 139 62 1
55 182 2994 0
19 161 2996 0
93 98 26 1
106 52 2998 1
149 156 2996 1
181 132 2993 1
82 186 2994 1
9 30 2999 1
68 183 5 0
56 168 2992 0
26 144 3019 1
119 7 2993 1
188 154 2995 0
180 160 2999 1
171 3 21 1
185 1 2995 1
96 29 48 0
102 128 45 1
66 14 2999 1
59 92 2992 0
127 103 9 0
104 47 2993 1
195 13 2991 0
6 42 2990 0
4 148 78 0
63 196 2994 0
127 135 2997 0
42 138 2995 1
162 81 2991 0
192 30 2995 1
21 51 2993 1
120 163 2990 1
194 33 2995 0
45 182 129 0
122 166 1 0
22 193 2991 1
60 173 2994 1
141 66 2995 1
33 178 2993 0
12 87 2999 1
158 82 2993 1
191 58 2995 1
186 189 2990 0
50 112 2994 1
2 105 2997 1
175 163 3 1
126 183 2995 0
10 123 2999 0
97 68 2998 1
107 117 2990 1
133 104 2998 1
193 98 184 0
20 160 53 0
155 154 2996 0
47 109 2994 1
36 102 2991 0
33 188 2995 0
149 6 2994 1
113 70 2998 1
26 109 2995 0
24 86 2998 1
95 16 2999 1
17 172 2994 1
196 185 55 1
70 96 2994 1
143 144 2996 0
33 143 2999 1
29 101 2996 1
179 65 2993 1
189 178 2991 0
146 197 50 1
184 104 2995 1
63 21 2992 1
116 25 2991 1
167 136 2999 0
182 118 2996 1
115 137 2994 0
11 20 2996 0
93 118 2993 0
53 31 2990 0
146 42 2998 1
54 50 2998 1
131 164 2998 1
5 92 2993 0
137 167 281 0
23 9 2992 1
172 175 2992 1
104 44 2990 0
78 194 2992 1
85 170 2999 0
152 51 2995 1
31 188 2993 1
187 79 2990 1
74 186 2999 0
33 117 2996 0
113 119 2996 1
153 111 2990 1
37 196 2993 1
191 168 2997 0
28 2 49 1
161 169 58 0
195 91 2992 0
50 3 2990 1
138 153 2993 1
91 168 2990 0
128 70 2995 1
20 161 2998 1
191 28 2990 1
147 111 2991 0
14 90 2992 1
100 36 2990 0
104 139 2994 1
153 156 2996 0
20 28 5 0
0 44 2 0
145 48 11 1
90 101 2992 1
2 37 2998 1
194 115 2999 0
125 150 34 0
192 119 2990 1
126 106 2993 1
50 17 2991 1
181 171 2997 1
114 86 2994 1
27 122 2990 1
160 58 2997 1
143 176 54 0
41 9 2994 0
175 103 6 0
33 110 2992 0
34 195 2995 1
18 178 2994 0
186 58 2997 0
145 187 2993 0
45 170 2992 1
125 128 2997 0
89 135 2994 1
151 188 2990 1
188 127 2994 0
179 7 2994 1
36 81 2995 1
83 78 2998 0
45 17 2993 0
119 145 64 0
44 133 2997 0
157 107 2996 1
174 21 2995 1
128 186 2990 1
77 180 2995 1
70 134 2993 0
48 153 75 0
75 114 2994 1
19 67 2990 0
54 111 41 0
67 167 2996 1
47 174 2997 0
189 47 8 0
144 82 2999 0
19 98 2990 0
198 146 2993 0
53 161 2993 1
35 26 2995 1
119 132 2995 0
117 86 24 1
81 32 2994 0
9 29 2991 0
95 90 32 0
116 52 2996 1
64 110 2999 1
84 110 2996 1
198 13 2995 0
53 44 2998 1
37 83 2990 0
48 119 2993 0
180 6 2994 1
118 144 86 1
50 76 2993 0
130 56 2990 1
116 40 39 1
16 186 2998 0
133 35 2994 0
28 65 2993 1
113 6 2998 1
163 142 2999 0
121 87 2990 0
19 16 29 1
112 161 2994 0
73 77 2996 1
138 117 2994 0
7 194 2991 0
120 124 2990 1
66 153 2990 1
101 173 2990 1
174 84 2994 0
174 171 2993 1
87 38 2990 1
73 3 2990 0
173 43 133 1
56 5 2991 1
101 45 2996 0
82 12 2991 1
87 75 2993 0
76 128 2998 0
81 58 2990 0
156 0 245 0
12 100 2990 1
111 125 2996 0
190 64 2992 1
118 37 2998 1
139 36 59 1
43 122 2995 0
157 63 2998 0
18 100 2994 1
162 9 2997 0
112 33 2999 0
49 36 2993 0
43 129 2997 1
188 88 2999 0
152 100 2991 1
53 17 2993 1
65 184 766 0
4 61 70 0
175 173 2997 1
25 82 2996 1
61 90 2991 0
186 63 2997 0
177 99 2991 0
48 136 2996 1
157 84 68 1
141 8 2995 1
36 105 2998 0
83 73 2993 1
129 90 2996 1
118 40 2998 1
94 157 2997 1
155 34 2992 1
140 65 2994 1
79 134 2998 0
70 150 2995 1
43 176 2998 1
93 54 2996 1
190 130 81 1
112 100 2998 0
20 42 2990 1
31 135 2997 1
81 189 2996 0
66 145 2995 0
90 109 2997 0
35 85 29 1
185 152 118 1
80 101 2998 0
8 132 2998 1
114 96 2996 0
164 82 2999 0
35 166 2997 1
108 95 2997 1
85 43 2998 1
78 116 2996 1
94 42 2992 0
90 66 2991 0
168 197 2995 0
109 33 18 0
