3600
200 1000
26 37 3593 0
151 49 3598 1
6 125 59 0
80 100 3598 1
97 103 3599 0
113 8 3590 0
62 37 46 0
164 9 3590 1
142 127 3595 0
149 11 3598 1
162 61 3595 0
69 62 3592 1
183 191 136 1
196 135 3594 1
126 102 3597 0
19 119 111 1
152 19 3595 1
13 68 3595 1
9 147 4 0
121 111 3592 0
60 156 47 1
52 27 3596 0
186 17 535 1
111 55 3590 0
122 162 3595 1
79 150 3590 0
194 79 3598 1
86 12 11 0
83 22 140 1
42 107 13 1
192 91 3594 1
59 116 3594 0
1 141 3592 0
92 174 20 0
186 149 155 0
34 106 3591 0
63 29 3590 0
27 146 3593 1
112 20 32 0
64 133 41 1
4 77 3593 1
175 31 3592 1
72 82 3590 0
139 86 3593 0
188 97 3590 1
118 40 3594 1
72 194 272 1
121 189 3597 1
183 131 3597 1
174 87 3591 0
155 51 3593 0
94 79 3596 1
132 139 3590 0
177 174 3590 0
94 198 4269 0
70 116 3594 0
102 187 26 0
83 115 3599 1
24 80 3592 0
2 51 3599 0
136 54 3596 0
180 39 3597 1
77 137 105 0
26 125 3595 0
88 189 3597 0
42 33 3596 1
3 178 3595 0
189 50 3598 1
80 193 3598 1
59 126 1 0
36 138 3594 0
78 20 3591 1
156 84 3590 0
158 15 3592 1
69 143 3592 1
12 60 3599 0
11 89 70 1
198 127 3599 1
157 108 56 0
191 151 3599 1
25 197 50 1
92 22 3599 0
140 153 78 1
137 179 4377 0
161 5 1 0
163 101 3597 0
113 21 3597 0
192 53 3593 1
15 47 3591 0
102 35 3593 0
21 126 3595 0
84 102 3592 0
193 168 3591 1
13 34 3592 1
190 17 3599 0
181 54 3595 0
175 10 34 1
56 58 3590 1
183 68 3591 0
134 146 3591 1
94 121 3592 0
158 130 3597 0
85 3 3592 0
62 52 3599 0
164 120 3598 0
164 112 3593 1
174 93 3593 1
101 23 3594 1
63 48 3592 1
128 106 3598 1
39 159 3590 0
15 100 14 1
19 144 3598 0
40 36 3599 1
143 116 45 1
73 178 3593 1
49 14 40 1
164 86 3593 1
105 43 60 0
134 58 3592 1
42 161 3593 1
136 4 3597 0
163 46 3593 1
116 15 3591 1
175 154 3594 0
119 91 3592 0
120 122 3592 1
32 155 3595 0
39 13 3592 0
131 193 3594 0
7 133 3590 1
198 133 3597 0
61 102 3595 0
17 128 300 1
32 56 1 0
46 103 3596 0
66 163 3592 1
114 176 3595 1
57 143 3599 1
63 37 3591 0
146 145 3597 1
13 180 47 0
162 102 3592 0
141 107 3594 0
7 87 14 1
18 152 53 1
61 53 3596 0
79 129 3596 1
50 13 3592 0
173 27 3596 0
146 6 3595 1
146 80 3597 0
86 80 3595 1
128 192 3597 1
120 90 7 0
139 96 3599 0
20 171 3591 0
98 111 3594 1
52 170 3593 1
75 84 3597 1
117 49 3594 1
119 159 3590 0
140 193 3595 1
132 78 4020 0
100 68 3593 1
24 16 3594 0
88 61 3590 1
50 70 3594 0
13 88 3595 0
102 78 3597 0
22 157 3594 0
63 64 3597 0
144 28 3594 0
56 121 3593 1
125 62 3594 0
168 85 3592 0
49 145 3591 0
40 48 44 1
182 74 3599 1
55 151 3593 0
97 154 3596 0
186 70 3597 1
97 126 12 1
1 48 3591 0
184 118 54 1
124 161 49 0
102 150 3593 1
172 104 3595 0
45 198 105 1
139 43 51 0
52 180 3599 0
163 45 3592 1
168 188 3594 1
118 106 3591 1
55 70 22 1
31 17 3591 0
71 50 20 0
77 57 3597 0
168 129 3590 0
105 76 3590 0
80 131 3598 0
178 183 3590 0
13 3 3597 1
196 188 3595 0
101 75 3595 0
31 10 28 1
26 65 3599 1
84 68 262 0
30 121 3596 1
46 58 35 0
16 157 3593 0
62 139 3592 0
10 150 3597 1
116 104 3594 1
141 53 3596 1
92 122 3592 1
29 28 3591 0
120 116 83 0
156 87 3598 1
53 42 3597 1
25 56 3593 1
123 21 3592 1
182 29 3594 0
8 138 108 0
67 168 3592 1
151 28 3594 0
36 7 3597 0
190 32 35 1
136 68 3597 1
166 107 3593 0
60 59 3597 1
12 141 24 0
61 29 3597 1
121 105 3591 0
45 13 3592 1
32 124 3592 1
63 182 3597 1
10 166 3592 1
58 129 3597 1
95 155 61 1
91 173 3597 1
42 115 106 0
93 70 46 0
28 59 3593 1
90 167 3591 1
6 55 3597 0
95 81 3596 1
24 85 3592 1
175 43 3591 1
113 178 3597 1
184 70 3592 1
126 27 3594 1
150 37 3591 1
30 111 3590 1
69 75 3592 0
131 54 110 1
195 57 3591 0
101 154 3594 0
156 86 3597 0
177 185 3590 0
122 91 3591 1
44 170 24 0
55 78 7 0
48 18 3590 1
148 87 3 0
151 15 3598 1
136 12 3596 1
52 99 3592 0
61 87 3599 0
0 175 2 0
19 74 3590 1
112 128 3599 1
44 41 3594 1
111 141 3596 1
34 122 3595 1
97 99 3599 1
12 43 3598 1
159 74 3590 0
184 75 3599 1
21 168 3594 0
49 45 3590 0
121 143 28 1
16 52 55 1
26 148 3592 1
112 182 3592 1
162 198 3598 0
111 74 41 1
126 71 3591 1
108 98 3590 0
38 51 3592 1
77 66 3594 0
142 33 3591 0
85 64 95 0
114 183 3596 0
198 12 3598 0
168 192 3595 0
122 28 3594 1
154 187 81 0
182 169 24 0
85 77 3598 1
189 82 3599 0
10 89 3597 0
90 158 56 0
88 24 3591 0
163 111 3591 0
113 122 3595 1
14 35 3594 1
80 38 3599 0
190 145 3593 1
151 94 98 1
96 164 3599 0
163 117 54 0
172 161 3595 1
91 182 3598 1
186 85 3599 1
151 106 3596 1
114 41 89 1
151 171 3591 0
105 59 3594 1
10 82 3593 1
110 103 68 0
79 123 3592 0
44 72 3590 0
153 77 96 1
63 61 12 1
83 100 3593 1
18 112 3596 0
181 65 3596 1
116 47 3590 1
188 182 3599 0
43 71 3594 0
133 82 73 1
144 99 3596 0
38 154 3593 1
174 40 3591 1
176 131 3599 0
97 58 3592 1
56 164 3591 0
182 54 3599 1
188 95 43 0
147 49 3591 0
4 114 3595 1
187 25 3590 1
25 13 3597 0
159 83 74 1
185 34 3592 1
115 65 3596 1
33 141 3595 1
172 120 3596 0
66 45 3592 1
137 116 4307 0
112 142 3593 1
175 77 3734 1
75 1 3590 0
22 172 90 1
21 92 3594 1
1 5 38 1
152 6 3596 0
19 4 59 1
14 57 3597 1
94 89 3596 1
53 190 3594 1
137 177 3599 1
40 82 3 1
139 194 3590 0
136 72 214 0
54 44 3594 1
15 38 164 1
117 150 3596 1
16 171 3599 1
140 130 58 0
193 129 3596 0
101 177 107 1
53 63 3599 1
52 114 3595 1
111 23 11 0
70 134 3598 1
181 53 3599 0
86 117 3593 1
94 186 3594 0
173 151 3594 0
138 131 3592 0
75 142 288 0
38 174 3599 1
147 3 3594 0
148 84 3596 0
170 10 3590 1
165 160 23 0
134 11 3591 1
192 25 3593 0
47 64 3599 0
146 34 3598 1
152 158 3595 1
75 199 839 1
168 69 3598 0
67 71 3590 0
158 164 3590 0
26 51 483 0
24 178 977 0
147 67 3599 0
171 104 105 1
89 101 3596 1
144 61 3596 1
176 108 3593 1
127 18 3597 1
13 76 58 0
199 178 1549 1
109 190 3591 0
60 103 3593 1
119 101 3594 0
39 195 49 1
168 83 3596 0
196 91 67 1
10 38 3593 1
197 177 3596 1
134 27 3598 1
128 142 3596 0
85 78 3591 0
166 85 3596 0
10 19 3595 0
42 172 3599 1
165 158 3593 1
189 169 3597 0
51 129 3595 1
154 11 101 1
129 134 3592 1
148 160 3593 1
114 13 3598 1
48 72 3591 0
181 51 3593 1
150 118 3592 1
151 112 3594 1
149 150 176 0
94 87 3809 0
142 194 595 1
177 132 3594 0
127 30 3591 1
33 118 3598 0
154 169 3595 0
11 48 3590 0
155 16 3597 1
165 162 3595 0
124 187 3599 1
18 1 3597 0
44 158 76 0
29 69 3593 0
138 115 3599 1
160 125 3599 1
128 133 3595 1
22 66 3595 1
179 98 19 0
83 50 3593 0
33 177 3596 1
44 5 3593 0
105 82 3598 1
123 63 3595 1
59 118 3593 1
12 28 3599 0
63 4 3593 0
8 168 3592 1
113 72 3592 1
90 112 3590 0
198 112 3590 0
195 152 3595 0
132 137 3598 0
52 18 3598 1
187 135 3597 1
22 31 3597 1
78 94 14 1
99 185 3593 1
135 81 28 0
160 131 3594 0
143 108 3595 1
198 20 3591 0
19 168 3593 0
75 43 3594 1
81 186 3590 1
121 15 3593 1
141 176 3591 0
169 4 3596 1
126 110 3594 0
121 102 33 1
41 189 3596 1
144 82 3590 0
44 147 3590 1
53 193 151 1
64 89 3594 0
176 29 7 0
160 15 3598 1
171 160 3591 0
148 142 3599 1
77 94 3598 1
120 16 3592 1
69 142 3591 1
37 195 4261 0
57 89 3591 1
65 192 78 0
41 83 3593 0
89 71 3596 1
168 35 3595 0
124 173 3599 1
78 39 3597 0
69 140 3592 1
29 25 3596 1
194 145 3598 1
23 68 3592 0
50 74 3599 1
61 33 2 1
95 99 3598 1
184 2 14 1
67 58 33 0
66 169 3595 1
44 2 3591 1
12 42 3591 1
146 132 66 1
159 44 3592 1
11 85 3590 1
118 29 3594 0
127 13 3593 0
47 36 3593 1
37 138 4539 0
70 125 3594 0
38 89 3593 0
188 139 33 0
130 124 12 1
151 185 3596 1
28 8 3592 0
73 117 3591 0
30 32 3597 1
122 197 3597 1
71 179 3596 1
45 95 3596 0
166 20 3597 1
107 33 3594 1
87 82 3593 0
155 17 3591 0
76 20 3591 0
162 163 3590 0
165 123 3592 1
102 31 3591 0
108 56 3591 1
7 82 3593 0
57 144 3590 0
57 29 3596 0
48 44 3597 0
39 190 3590 0
162 104 28 1
154 36 3599 0
52 147 3596 1
70 18 3594 0
197 62 3592 1
194 70 3596 1
92 50 3590 0
5 51 3599 0
74 37 4465 0
73 141 3591 0
129 44 3594 0
25 8 3599 0
8 140 3592 0
52 3 3598 1
89 112 3591 0
57 20 3591 1
59 65 3593 1
19 89 3594 0
163 65 3597 0
158 187 3591 1
163 172 3591 0
33 57 3599 1
29 6 3597 0
154 161 3591 0
89 63 3599 1
28 163 5 1
91 191 3592 1
164 151 3591 0
26 135 3598 0
88 27 92 1
112 103 3592 0
80 1 3597 1
19 178 3590 0
168 41 3592 0
180 66 3595 0
57 66 240 0
25 173 54 0
67 185 3590 1
27 64 3591 1
161 41 3596 0
15 81 3591 1
195 122 3592 0
23 31 48 0
57 172 61 0
103 132 8 0
7 96 3594 1
160 16 37 0
183 82 3597 0
123 167 3598 0
189 1 3599 0
178 35 3592 0
41 164 3594 0
13 133 3590 0
155 76 3597 0
139 153 3598 0
190 28 3591 1
60 89 3595 1
61 45 3594 0
179 113 3597 1
171 147 3596 1
99 35 3594 0
66 136 330 0
166 69 3596 1
184 28 3596 1
69 132 3768 1
180 70 3592 0
6 173 67 1
177 157 3596 0
69 167 51 1
28 63 3592 1
14 195 3595 0
124 38 3591 0
141 31 3593 1
71 79 205 0
6 180 3597 1
67 107 3593 1
29 166 3598 1
62 30 35 0
166 167 3591 0
101 80 3597 1
9 190 27 1
45 127 3599 0
107 9 3595 1
6 107 3599 1
138 38 101 1
10 3 3590 0
119 73 149 1
91 169 3596 0
128 99 608 1
27 144 3598 1
32 120 3599 1
183 78 3592 1
150 78 3598 0
11 113 3597 0
47 144 5 0
174 135 3598 1
88 167 3592 0
176 153 3599 1
192 153 3591 1
150 159 3596 0
137 191 4709 0
58 41 3591 1
159 162 3593 0
11 151 3597 1
186 73 3590 0
52 97 11 1
180 167 3593 1
110 15 3595 1
6 4 3598 1
12 197 3590 0
146 26 3597 1
68 168 3596 1
131 137 5083 1
56 20 3591 1
37 47 3598 0
196 74 3591 1
79 93 3592 1
59 90 3591 0
184 167 3599 0
182 47 22 1
50 58 3592 0
97 164 3596 0
77 46 3734 0
85 181 22 0
65 21 55 1
27 129 3592 1
160 140 3592 1
70 31 3591 1
100 166 170 1
12 19 3599 1
195 113 23 1
113 45 3596 1
166 98 3594 0
96 122 3593 1
99 23 3592 1
33 8 3595 1
140 136 3594 0
147 57 3591 1
116 39 3597 0
92 120 3599 1
178 142 3595 0
180 100 3597 1
88 36 67 0
41 184 3591 0
46 59 67 1
53 173 3594 0
151 150 3594 1
21 93 3597 0
115 195 3590 0
170 104 3590 1
122 105 3596 0
185 54 101 0
79 14 3594 0
183 13 3597 0
49 193 3595 0
151 10 3596 1
6 162 3592 0
146 119 3592 0
143 136 3590 1
26 126 3597 1
188 137 3598 0
149 190 3594 0
43 171 3595 0
180 189 3594 1
89 133 3595 1
144 165 38 1
145 62 3593 1
177 140 3598 1
171 157 129 1
162 18 3595 0
57 146 3597 1
118 176 62 1
55 136 3591 1
81 56 3594 1
21 156 3594 1
33 146 1 0
151 14 3 1
46 135 3597 1
6 163 3593 1
112 145 67 1
135 110 3596 1
61 59 3598 1
186 63 3596 1
97 3 3590 1
197 109 78 1
98 97 3598 1
86 105 16 0
157 115 3591 1
148 28 3598 0
152 100 3592 0
180 77 3598 0
63 68 3590 0
135 179 54 1
117 90 3599 0
119 187 3598 1
114 142 3590 1
23 15 3593 1
89 52 3599 1
126 8 3590 1
38 122 3599 0
94 107 4113 1
103 146 3598 1
84 128 3598 1
122 56 3595 1
61 34 3598 1
138 100 3593 0
18 156 3591 0
157 147 3594 1
22 72 3596 0
95 183 3593 0
89 79 3596 0
142 49 3591 0
190 36 3592 0
37 73 4159 0
176 44 3598 1
130 142 3599 0
127 115 119 0
27 181 66 0
57 122 3594 1
49 114 22 1
159 166 132 0
175 83 3592 0
169 86 3592 0
101 18 3594 0
61 137 3596 1
53 147 3596 0
89 159 3599 0
147 80 47 1
117 151 3599 1
116 183 3593 0
53 68 137 1
172 155 3592 0
101 146 3598 1
97 27 3594 1
180 174 3592 1
66 191 3596 1
93 33 3599 1
13 157 3593 1
27 23 3597 0
174 20 3597 1
105 138 3592 0
26 140 3592 0
69 7 16 1
131 168 3654 1
167 189 36 0
112 86 3595 1
153 80 3597 0
50 126 3591 1
198 106 103 1
125 133 3590 0
110 35 14 0
29 81 23 1
171 137 4498 0
122 131 38 1
10 99 3599 1
144 163 3590 0
129 98 50 0
162 193 69 0
155 63 40 1
145 75 3591 1
113 33 3599 1
140 38 3599 1
88 66 3591 1
143 198 3593 0
45 91 3591 0
141 58 3593 0
37 176 3599 0
3 168 42 0
83 64 3591 1
61 43 3590 0
148 172 3596 0
108 179 3594 0
174 142 3598 0
36 22 3592 0
127 108 116 0
28 182 3596 1
137 99 3596 0
38 137 4669 0
125 105 3594 0
135 118 3593 1
122 160 3592 1
28 30 5 1
132 84 3591 0
88 73 3592 0
163 8 3596 1
26 24 409 0
42 9 3599 1
154 18 3591 0
93 8 33 0
192 72 3598 1
109 35 65 0
169 60 31 1
10 186 3592 0
60 73 3591 1
57 155 3592 0
150 95 3590 1
152 1 57 1
79 4 41 0
57 76 3592 1
96 23 3594 0
179 3 3595 1
197 127 3594 1
77 88 3596 1
80 157 3595 1
104 38 3594 1
141 56 12 0
199 99 390 1
88 102 3594 1
123 0 2 0
134 45 3590 1
103 102 3594 0
187 47 3594 0
12 62 3596 0
168 27 3598 1
154 144 3598 1
51 101 7 1
85 126 3594 0
45 42 3591 1
36 145 41 1
170 67 23 1
147 64 3590 0
124 18 3595 0
150 168 3599 1
160 94 3595 1
59 79 3597 0
191 40 3595 0
115 96 3596 0
3 84 3595 1
53 3 3596 1
152 101 3592 0
3 180 4 0
160 8 3593 0
163 57 3597 0
28 40 3590 0
9 46 3594 0
84 150 91 1
108 74 3595 1
160 123 3596 0
23 41 3599 1
59 84 3595 1
73 91 42 1
76 163 3598 0
11 174 3597 0
107 43 3595 1
157 29 3599 1
83 101 3592 1
107 106 81 1
77 16 3597 0
154 119 3590 1
161 33 3598 1
46 54 3591 0
122 137 97 1
189 47 3596 1
126 84 3596 1
176 164 3599 0
34 51 3594 1
107 134 3590 0
111 182 3590 0
148 122 3595 1
134 80 28 1
195 80 3593 0
162 168 3591 0
19 9 3597 0
18 192 13 1
59 95 3593 0
183 188 3595 1
72 73 3598 1
177 24 3599 1
41 88 3595 1
185 183 22 1
189 164 50 0
47 197 3593 0
18 84 3597 0
73 147 3596 1
162 112 3592 0
0 164 245 0
192 109 3598 0
152 41 3591 1
88 154 3598 0
23 77 3591 0
171 122 3590 1
77 103 3734 1
95 111 3595 0
75 59 3598 0
20 92 19 1
150 15 3591 0
181 166 3596 1
29 58 3598 0
113 143 3594 0
92 16 3594 0
96 113 38 0
149 167 3594 1
167 154 3595 1
174 117 30 1
50 177 44 0
79 16 3596 1
162 183 3592 1
156 39 35 0
32 141 3592 0
51 100 3595 0
131 130 3597 0
30 82 3597 1
78 142 3591 0
2 76 44 1
48 34 51 0
153 151 3591 0
132 131 3926 1
96 104 3591 0
162 185 3599 1
118 169 3598 1
136 73 3598 0
186 117 3596 1
60 11 3598 1
134 48 3599 1
99 100 3594 1
185 41 3594 1
196 191 126 1
21 139 3590 0
41 89 96 1
119 114 3593 0
17 84 3591 1
97 4 3598 0
55 191 3592 0
185 18 3590 1
129 148 41 0
129 6 3594 1
123 134 15 1
168 37 72 1
106 126 3599 1
20 121 3599 1
88 57 3594 1
126 93 3591 0
125 21 51 1
28 43 3593 1
37 67 4733 0
45 20 3595 0
40 95 3590 1
66 162 3598 0
162 164 3593 1
129 66 3591 1
118 39 3593 0
197 186 3590 0
50 41 3596 1
134 108 3599 1
79 30 3591 0
189 75 3590 0
128 178 3596 0
71 170 3599 0
11 24 3596 0
45 34 25 0
51 145 3593 0
194 129 3590 1
17 165 3594 0
74 96 29 0
