3000
200 1002
142 34 2997 1
183 107 2992 0
121 2 2990 1
22 73 2995 1
109 79 2992 0
8 108 58 0
116 5 2992 0
30 3 2994 0
20 166 6 0
188 137 2997 0
49 16 11 1
1 10 2990 1
90 62 2992 0
19 122 29 1
94 121 2995 0
112 105 36 1
63 52 2996 1
169 83 10 1
182 33 129 0
153 48 2998 0
122 137 2999 1
111 11 2990 1
68 64 13 1
80 84 2993 1
117 125 2991 1
136 147 2993 1
75 77 2995 1
15 59 15 0
156 98 10 1
189 186 74 0
67 52 2992 0
185 158 44 0
185 110 2997 0
95 45 2998 0
2 157 2990 0
87 29 2990 0
58 141 2991 1
126 40 23 1
49 75 2991 0
3 43 2996 0
151 99 2996 1
31 132 79 1
141 68 2991 0
161 35 2990 1
42 161 123 1
71 14 2994 1
63 55 2997 0
37 81 2996 1
105 56 2991 1
61 100 2992 1
28 87 57 1
80 75 2999 0
135 117 28 1
38 100 2991 0
195 42 2995 1
181 165 2992 1
116 103 2991 0
154 118 2997 0
61 7 2993 0
195 81 2998 1
13 196 2995 1
119 49 2992 1
135 30 2994 1
37 170 2991 1
101 86 2996 0
44 24 2995 1
104 185 2999 1
178 65 2997 1
4 100 2996 1
137 6 78 0
185 99 2990 0
184 18 2997 1
59 138 2999 0
39 61 55 1
189 82 2990 0
169 111 2996 0
44 84 2999 0
73 129 2997 0
111 187 2994 1
55 126 2992 0
106 141 2999 0
152 8 2991 0
18 26 2997 0
4 87 3974 1
124 151 2993 1
176 27 68 1
162 95 2991 0
159 146 36 0
193 121 2999 0
95 35 2995 0
168 186 2990 0
118 172 37 1
184 165 2991 0
179 26 2999 1
85 75 2997 0
57 5 9 0
185 173 2997 0
129 36 77 1
52 10 2995 0
78 61 2994 1
6 178 70 0
20 152 9 0
28 136 2991 0
82 8 2995 1
152 71 2997 1
79 13 2996 0
43 105 2994 1
191 194 69 1
32 176 58 1
136 86 2996 0
111 68 2993 0
57 79 2990 0
67 2 158 0
3 141 2994 0
129 76 2999 0
172 175 2994 1
118 161 2998 1
48 137 2998 1
71 27 2999 0
111 95 78 1
38 157 183 0
131 66 2995 0
90 196 27 1
184 54 2998 0
172 62 2996 1
13 18 2994 1
191 196 2995 0
22 12 2996 0
48 188 2990 1
96 94 1 0
9 159 2991 1
189 138 2999 1
70 164 2991 0
122 9 15 0
24 132 2996 0
45 134 2998 1
21 107 2995 1
11 6 2992 1
45 96 2990 0
154 87 2993 0
63 134 2993 0
117 82 2994 0
135 55 2994 1
66 155 2991 0
74 184 2998 1
96 21 2997 1
61 24 2993 0
193 71 49 1
139 7 2997 0
192 73 11 1
128 133 2996 0
22 74 2995 1
177 126 2998 1
170 73 2993 0
63 166 2994 1
170 34 2990 1
125 142 83 1
120 185 2991 1
118 2 2996 1
112 33 2990 0
79 71 2999 0
139 117 2996 0
90 78 44 0
151 27 2998 1
19 40 2996 1
199 150 753 1
34 59 2992 1
32 181 2998 1
172 88 56 1
60 119 2998 1
146 124 2995 0
189 65 2996 1
8 95 2990 0
105 25 2997 1
10 171 2991 1
29 67 2998 0
90 178 2997 1
101 144 2999 0
57 75 2992 1
93 58 97 0
47 52 2992 0
59 64 2995 0
82 138 2991 0
195 184 2993 1
79 128 2999 1
80 109 2996 0
32 17 2991 1
151 88 64 1
82 64 2991 0
191 188 2998 0
48 118 2998 1
173 130 2994 0
104 139 2993 1
183 28 2996 0
129 168 2991 0
15 101 2990 1
138 141 15 1
100 47 2995 1
172 123 2999 1
144 174 2994 0
29 64 2990 0
181 31 2991 0
140 171 2993 1
68 29 2992 1
52 103 14 0
152 139 13 1
59 158 2994 1
99 45 2992 0
9 141 2995 1
19 41 2996 0
37 51 2993 0
176 81 2992 0
157 159 2992 1
35 111 2997 1
123 116 62 0
196 166 2996 1
134 80 2997 0
59 48 2991 1
171 189 2995 0
33 48 2996 0
82 105 21 1
84 8 2998 0
40 156 2991 0
198 131 2990 0
15 133 38 1
186 32 24 1
197 75 98 1
61 84 57 1
77 186 2995 1
50 52 2999 0
10 34 2993 0
20 47 2994 0
134 130 2990 0
80 21 218 0
148 86 2994 0
195 110 2996 1
14 138 2993 1
165 121 2997 0
186 43 2998 1
30 91 2992 1
180 122 2993 0
52 147 2998 1
77 149 2997 1
97 149 66 0
31 153 2992 1
53 79 4 0
171 68 2998 0
114 113 2990 0
50 59 2994 0
186 156 2997 1
120 198 2998 1
117 55 2997 0
58 151 2998 1
79 78 2997 0
29 74 2991 0
40 133 2992 0
191 34 75 1
68 77 2994 1
40 134 22 0
26 154 2997 1
39 69 2994 0
150 94 2994 0
9 4 2994 0
68 4 2997 0
186 58 2992 0
84 40 2991 1
48 16 2990 1
107 187 2998 0
136 47 36 0
106 98 2999 0
153 46 2993 0
148 163 2999 0
121 129 2990 0
45 161 2998 1
106 177 58 0
114 98 2991 1
58 70 2996 1
193 179 2999 0
183 43 2993 1
26 36 2990 1
78 48 2991 1
51 160 2998 1
134 62 2997 1
178 158 2998 1
97 113 2994 1
21 67 2999 1
187 35 2993 0
126 21 2993 1
137 135 2999 0
153 150 2995 1
12 87 4090 0
128 136 2990 0
26 137 2990 1
51 98 3262 0
84 159 2999 1
113 32 2990 0
103 2 2994 0
140 59 19 1
52 77 2991 1
113 198 2995 0
130 191 2994 0
125 122 2991 0
94 181 5 0
173 43 2990 0
69 192 2995 1
153 18 64 1
3 128 2991 0
32 152 2990 0
143 111 2996 0
74 90 2990 0
132 44 2992 1
7 147 2994 1
150 49 2994 1
74 155 2994 0
50 120 108 1
13 195 37 0
31 79 2990 1
20 67 2999 1
63 106 2993 1
92 124 2999 1
39 18 2993 1
132 112 2991 0
93 114 2992 0
72 181 3 0
24 68 2998 1
82 146 14 1
104 26 474 1
145 27 2994 1
50 175 12 1
163 192 2992 1
49 23 2992 0
55 14 2998 1
79 10 2994 0
169 132 2998 0
4 139 37 0
121 124 2999 0
37 172 2997 0
27 113 41 1
101 80 2997 1
17 187 10 1
106 56 2997 1
182 147 2990 0
56 155 2995 0
194 44 2990 1
85 186 2992 1
97 35 62 1
127 52 2995 0
142 27 2992 1
88 13 2991 0
6 165 2994 0
194 127 2999 0
183 8 11 1
1 125 7 1
173 136 2995 1
103 57 2996 1
162 30 91 0
53 40 2990 0
151 178 13 1
59 197 2993 0
124 145 2994 0
23 124 39 1
194 96 2998 1
22 182 2996 0
192 172 2996 0
146 110 2993 0
108 3 37 1
65 19 2995 1
54 82 2995 1
168 137 2993 0
71 2 2992 1
87 65 3518 1
111 182 2997 1
135 27 2994 0
16 120 2992 1
25 92 2997 0
174 95 2990 1
194 68 2994 1
96 99 35 0
39 70 118 1
183 26 2997 0
143 63 2995 1
172 78 2992 0
39 66 2997 1
5 18 2998 0
101 121 2993 1
148 49 2997 0
134 128 2995 1
196 185 2990 1
136 91 2994 1
167 96 2992 1
160 121 2990 1
188 148 241 1
74 7 56 0
151 98 2992 1
11 82 2999 1
55 129 2994 1
197 25 2999 1
180 91 2997 1
174 50 2991 1
19 55 2993 1
159 150 2998 0
53 76 2991 0
107 144 40 0
72 163 44 0
169 137 2995 0
25 126 2991 0
69 73 2999 1
149 100 2993 1
88 35 2995 0
177 66 2996 0
152 163 2990 0
171 48 21 1
90 17 2994 0
64 128 2999 0
185 118 2994 0
162 81 2993 1
45 196 2996 1
173 42 26 1
128 45 18 0
86 154 2999 1
79 101 2992 1
157 9 2991 1
121 137 54 1
73 173 2993 1
173 148 2994 1
108 130 2993 0
112 116 2997 0
42 54 2997 0
91 3 33 1
168 37 2992 0
180 32 2996 1
79 12 2992 0
169 107 2992 0
34 6 2994 0
14 171 2996 1
25 67 2998 1
24 160 42 0
142 78 2991 1
14 100 45 1
68 174 2993 1
62 188 2997 0
77 143 97 0
25 27 2996 1
135 69 54 1
97 45 2992 1
128 174 2990 0
82 101 2997 0
172 180 2994 0
80 81 766 0
36 144 24 0
134 96 2999 1
140 185 17 1
115 43 2999 1
151 73 2999 0
110 115 23 1
125 99 2997 0
3 27 2990 0
168 68 2996 1
18 6 2999 0
6 116 2999 0
97 112 2991 0
12 175 2995 0
113 23 37 0
70 73 2994 0
0 68 2 0
145 146 2990 1
188 84 2996 1
192 104 2992 0
100 181 2993 0
2 169 2995 1
90 136 2997 1
131 196 43 1
43 149 2994 0
16 154 2996 1
195 64 2993 1
103 62 88 1
114 180 49 0
87 60 26 0
22 38 2999 0
188 151 2993 1
162 181 2992 1
18 133 2995 0
86 124 63 1
138 126 2997 1
99 130 2992 1
158 180 2994 0
52 123 50 0
97 150 2990 1
118 150 2997 0
39 114 2994 0
181 158 2992 0
144 113 2994 1
110 118 2992 1
73 6 2997 1
71 180 2994 1
187 133 1 0
88 137 2995 1
65 55 2995 0
56 156 54 0
17 195 43 0
28 35 59 1
157 169 2996 0
112 136 2997 1
183 165 2992 1
160 174 2992 1
168 198 474 0
95 146 2998 1
36 3 2991 0
162 123 2996 0
156 47 2991 1
91 40 2997 0
27 160 2991 1
173 105 2997 1
170 149 64 1
100 102 2990 0
85 72 2998 1
121 44 2993 0
154 97 2998 1
25 166 3 1
53 45 2995 1
83 32 2991 1
93 192 2998 1
185 111 2996 1
148 10 55 1
164 144 2995 1
36 153 2992 1
117 83 2992 0
196 162 2990 0
119 45 2991 1
177 85 2995 1
87 190 2991 0
29 178 2997 1
162 165 2997 1
123 38 2996 1
179 165 2999 0
160 48 2995 0
57 148 2999 1
0 57 245 0
157 178 2994 0
9 3 2994 0
83 93 2996 1
80 192 2997 1
166 41 2995 0
145 138 2990 0
80 130 2990 1
157 125 2993 0
166 3 2999 0
111 12 71 0
66 184 51 1
6 63 2992 1
65 36 2991 0
151 69 2991 1
136 99 2998 1
39 160 2994 1
102 46 2999 0
144 167 2999 1
3 101 2996 1
66 80 2992 0
12 1 86 1
96 49 2992 0
19 169 40 1
58 161 163 1
132 33 2992 0
62 121 2993 1
160 59 2994 0
106 34 2999 0
103 93 2999 1
144 154 2991 0
189 184 2990 1
11 17 2997 0
73 90 2993 1
26 16 2992 1
100 110 22 1
184 9 2999 0
117 105 2992 0
8 120 2996 1
149 120 2992 0
74 34 2997 0
197 109 2996 1
96 125 2992 1
66 73 2996 0
49 176 2997 0
187 195 2997 1
39 184 2994 0
119 165 42 1
61 111 2991 0
93 75 57 1
123 76 2994 1
23 75 2992 1
39 4 2998 1
194 130 34 0
151 1 2994 0
66 196 2990 0
189 98 2992 0
42 138 2997 1
94 32 2995 0
160 179 42 1
73 189 75 0
149 115 2998 0
54 126 53 0
181 38 2991 1
5 80 2998 0
53 37 22 0
106 123 2990 0
95 154 2995 0
119 179 2998 0
140 143 2992 0
179 33 2996 1
56 104 2994 0
160 73 2997 1
94 18 2993 0
133 103 2994 1
29 104 189 1
25 62 2992 0
136 120 2994 0
101 91 8 0
7 193 2996 0
132 70 2993 1
64 102 30 1
126 141 2999 1
90 1 3652 0
4 102 8 0
170 154 2996 0
30 54 2996 0
187 108 2997 0
63 138 16 1
14 146 2991 0
62 91 2999 1
188 43 2997 1
131 32 2997 0
133 21 2992 1
123 85 2996 0
197 184 2990 0
7 82 2993 0
137 197 2990 1
26 29 2996 0
153 156 2993 1
57 82 2992 1
148 156 2993 1
155 69 21 1
114 32 2990 0
192 46 64 0
79 163 15 0
156 114 2999 0
41 177 162 1
94 125 2998 1
23 52 2993 0
129 94 2998 0
194 63 2998 0
1 111 3674 1
134 30 2996 0
66 71 24 1
169 105 2994 1
134 52 2992 1
7 134 18 0
36 127 2991 1
34 100 2992 0
119 63 40 0
186 29 2994 1
157 49 2998 1
142 48 2998 1
164 141 41 0
101 55 1 0
122 73 2997 0
174 186 2992 0
91 59 2995 0
9 105 2992 0
86 90 2996 1
25 161 2994 1
73 104 2994 0
67 79 2990 1
186 176 2997 1
22 65 40 0
14 116 2993 0
116 30 2991 1
24 86 2998 0
41 38 81 1
66 130 2994 1
107 165 12 0
2 37 2998 0
155 13 49 1
25 72 2994 1
59 7 2993 0
13 45 2991 0
195 74 2998 1
49 58 2997 1
128 159 2992 0
83 177 2997 0
65 179 46 0
18 124 2999 1
27 175 2999 0
47 112 2992 1
113 189 2994 0
45 118 2993 0
9 106 2992 0
12 188 2996 0
55 42 2993 0
35 65 2993 0
167 165 2990 0
104 163 2999 1
151 11 2997 0
180 151 2993 0
77 194 2990 1
158 109 2998 1
164 170 2999 1
147 105 2992 1
191 125 2990 0
12 5 2992 0
190 94 2990 0
161 90 2996 1
127 9 2991 0
75 78 2993 1
144 124 2993 1
136 166 2995 1
177 147 2998 1
36 113 2992 0
121 144 2995 0
30 143 2990 0
84 120 2995 0
78 128 2995 1
171 95 2991 0
138 159 2992 0
54 23 2998 0
13 72 2999 1
192 76 2998 1
63 198 2995 1
143 150 2995 0
198 190 2999 1
131 181 2991 1
57 2 2999 0
122 47 2991 1
51 115 1 0
159 161 2997 1
51 171 26 1
8 161 2998 0
65 46 2990 1
129 138 2996 1
84 179 2997 0
164 35 2991 0
143 95 8 0
131 165 2991 0
83 167 2995 0
121 169 2991 1
54 88 2991 1
104 85 2991 1
94 172 2995 1
35 156 2997 0
8 33 2992 1
94 115 2990 1
50 54 2999 1
146 158 2992 0
147 99 7 1
170 190 2990 0
54 127 5 0
83 95 2999 1
24 128 2990 1
132 86 2994 1
131 174 39 0
137 19 2998 1
114 112 2 1
96 17 2993 0
179 102 2994 0
45 192 2995 1
17 23 2991 0
154 60 60 1
5 28 2997 0
123 105 2995 0
166 17 2991 0
167 153 20 0
142 43 19 1
135 15 2995 0
43 67 2996 0
167 193 2998 1
183 180 2990 1
142 155 2990 1
98 78 52 0
60 176 2996 1
25 158 28 1
69 149 2991 0
42 62 2992 0
68 38 2990 0
152 85 2997 0
121 18 29 1
172 6 2991 0
109 191 2994 1
162 183 2996 1
147 112 2991 1
133 100 2992 1
150 37 2997 0
109 44 48 0
94 35 2998 0
16 129 58 1
98 131 3202 1
150 48 2994 1
51 40 2994 1
80 121 2990 0
72 155 2998 1
162 39 2997 1
195 18 2990 1
41 66 2993 1
149 38 2999 0
23 76 2994 0
81 199 1294 1
127 124 2991 1
122 13 2996 1
7 67 2999 1
171 34 2997 0
47 33 43 0
76 163 2992 1
79 152 2995 1
62 23 2996 0
110 27 2996 1
167 74 31 0
168 42 2995 1
114 166 2994 0
132 18 2998 1
173 116 184 0
182 108 2990 0
155 7 2993 1
147 15 2992 0
87 136 2991 0
117 71 2992 0
198 199 1134 1
189 153 2998 0
86 163 2997 0
100 162 2997 1
124 165 2991 0
106 67 27 1
29 22 2991 1
53 192 2997 1
101 33 2997 0
83 89 2992 1
177 51 2995 1
119 138 2998 0
160 14 2996 0
47 70 2998 1
89 145 2991 1
192 141 2990 1
148 74 2990 0
66 40 2994 1
44 178 2999 0
168 62 133 1
12 88 2993 1
136 10 2 0
51 56 2997 1
46 16 2991 0
76 77 2 0
72 18 2998 1
145 113 2991 1
49 155 2998 0
47 29 2990 0
182 5 2995 0
143 115 2996 0
190 166 2994 0
158 195 2999 1
71 150 2991 0
52 131 2994 1
190 193 10 1
56 92 19 0
65 142 2997 1
168 184 2990 1
130 105 2994 1
91 153 2991 0
17 67 2999 0
119 151 2998 1
140 190 2994 0
148 13 2993 1
103 99 2994 1
22 9 26 0
181 13 2991 1
79 29 2997 0
164 128 52 1
107 182 2992 0
19 46 2999 1
22 164 2997 0
192 35 2994 0
29 150 160 1
100 159 2992 1
197 145 125 1
7 42 2994 0
198 104 2998 1
179 35 2999 0
127 190 2998 0
3 187 2992 1
159 148 2997 0
87 50 4000 1
43 168 2993 0
132 182 9 1
67 166 2991 1
191 108 2990 0
64 121 2993 0
44 85 50 0
198 73 2997 1
113 155 2991 1
145 76 17 1
96 119 2990 0
30 120 10 1
17 125 2996 0
135 20 2997 0
175 85 45 1
22 108 2991 1
182 13 2994 1
122 158 2996 0
117 131 2998 1
127 117 49 1
127 19 2991 0
96 149 2990 0
92 88 2995 1
80 22 2992 1
132 21 2991 1
44 155 2997 0
44 130 2996 1
5 83 30 0
67 48 2998 0
190 137 2995 0
129 198 2994 1
159 24 50 1
118 69 2994 0
14 0 2 0
192 34 2997 1
93 174 2991 1
18 119 2991 1
62 64 2996 0
128 197 2990 0
46 154 36 1
111 128 2994 0
83 170 2995 1
37 48 32 0
60 28 3222 0
35 113 2995 0
11 190 8 0
183 86 54 0
76 86 2995 0
84 31 20 1
14 166 2994 0
75 130 2993 1
196 121 2996 1
163 3 2994 0
161 4 2999 0
84 170 2991 1
139 24 2997 0
68 160 2991 0
1 88 2992 0
29 180 2995 0
39 12 2994 0
17 78 2990 1
184 147 39 1
62 30 2997 1
93 188 2998 1
171 148 2999 0
83 61 2993 0
103 162 2990 1
89 162 128 0
71 7 2993 0
64 36 2999 1
13 112 2996 1
69 180 2993 1
138 163 2992 0
33 144 2997 0
175 157 2998 1
157 34 121 1
130 11 2995 0
81 196 2992 0
78 66 2996 0
54 1 3692 1
76 135 2997 1
45 174 45 1
191 10 2998 1
179 24 2993 1
73 114 2993 1
60 196 3108 1
89 130 120 0
64 9 2993 1
111 33 2998 1
21 5 2998 1
132 115 2995 0
65 6 2990 1
141 109 2992 0
119 27 2996 0
23 44 2996 0
168 147 2997 0
144 110 2997 1
121 150 2994 0
180 92 6 0
178 52 2992 1
198 30 2996 1
188 21 186 0
82 19 2998 0
26 2 281 0
6 20 2994 0
118 43 52 1
70 190 2996 0
152 44 2996 1
139 136 2992 0
70 170 33 1
11 55 46 0
120 35 2993 0
185 192 2996 0
57 73 2991 0
83 178 2996 1
196 35 2994 1
49 109 74 1
