3000
200 1000
25 151 2999 1
78 134 2994 0
75 140 2991 0
2 197 2997 0
66 61 2997 0
195 154 2991 0
90 96 37 0
148 121 2993 0
17 133 33 1
56 122 2992 0
75 50 2997 1
49 60 2999 0
95 86 2995 1
74 128 158 0
76 65 2992 0
14 52 2995 1
18 118 2994 0
187 147 2992 1
124 13 2 0
166 50 2996 1
91 119 2996 1
53 143 2999 1
88 55 2994 1
105 19 2995 1
9 66 2990 1
152 49 2994 0
108 27 2993 1
184 126 2992 1
73 124 2992 1
115 132 2994 0
141 111 2995 1
54 143 4023 0
177 23 2991 1
156 179 2996 1
157 51 2994 0
100 8 52 1
64 81 2990 1
104 196 21 1
185 42 2997 1
86 154 2999 1
180 10 2993 1
174 22 2992 0
26 27 2996 1
160 174 2998 1
164 148 2995 1
82 130 2992 0
183 166 2998 0
107 109 2994 1
177 14 2995 0
99 26 49 1
64 46 2996 1
118 128 281 0
186 129 2997 0
176 59 32 0
75 25 1 0
34 185 2992 1
146 194 2991 0
167 63 2992 0
73 125 2995 1
31 103 2994 0
23 93 2991 1
34 49 2996 1
3 149 2990 1
147 103 1 0
160 24 2996 0
180 52 2 1
162 13 2994 0
135 117 2998 0
141 51 2995 1
73 89 2993 0
26 188 2991 1
144 108 2999 1
165 107 2996 0
189 151 2999 1
77 120 2992 0
116 112 2998 1
33 97 2994 1
56 110 2998 1
24 194 2999 0
106 66 2995 0
34 174 2990 1
142 53 2996 1
180 195 2990 1
21 42 2992 1
163 39 2991 0
70 39 2992 0
109 182 15 0
12 84 2996 1
167 126 2 0
3 73 74 1
118 55 2999 0
28 152 9 0
46 81 2995 1
136 100 2990 0
111 188 44 0
181 151 2993 0
71 31 2994 0
138 146 2998 0
113 177 2990 0
152 53 2993 1
16 191 2993 0
95 142 2993 1
184 85 28 1
47 154 2991 0
19 52 2998 1
76 16 15 1
96 170 2995 1
53 93 2997 0
109 38 2993 1
173 90 2995 0
162 124 2999 1
1 34 56 0
101 165 2992 0
96 125 2994 1
85 32 2996 0
1 7 2992 0
61 67 2994 1
140 103 2992 1
12 55 2992 0
117 109 2995 1
157 94 2998 1
71 196 2996 1
186 1 2998 0
124 192 2998 0
141 193 2994 0
8 66 2995 0
32 112 2993 0
58 28 2998 1
105 91 2994 0
74 144 2993 1
129 177 2991 0
74 44 27 1
191 18 2997 0
36 45 2990 1
101 154 2994 0
174 15 183 0
115 31 2998 0
114 72 43 0
71 88 2997 0
27 47 218 0
46 10 2991 1
43 196 2998 1
162 145 2998 0
156 107 2998 0
179 199 1134 1
47 83 2995 0
110 39 2996 0
25 158 2992 1
137 32 2990 1
112 125 2995 1
152 19 2990 1
153 46 2993 1
61 0 2 0
178 84 41 1
79 160 2993 0
181 32 2991 0
195 156 2999 0
76 27 2992 0
26 46 2998 1
95 128 2993 1
103 67 23 1
177 56 36 0
124 167 2995 1
126 171 2999 0
1 111 2998 1
148 100 2998 1
92 2 58 1
20 21 29 1
153 69 2996 1
77 31 2993 1
189 43 2999 0
65 110 2998 0
13 58 2997 1
198 102 2995 0
153 18 33 1
147 71 2994 0
129 59 2996 0
36 142 2997 0
94 181 2990 0
95 110 2995 0
11 51 2996 1
74 117 2998 1
118 56 2992 1
21 141 2994 0
162 21 2997 0
115 8 2998 1
8 171 2996 0
104 115 2991 0
102 183 2993 0
173 53 24 1
21 7 2998 1
124 174 2997 0
19 75 2998 1
37 194 2996 1
188 180 2990 0
91 191 2991 1
198 14 2990 1
183 32 2991 0
110 196 2994 0
82 163 2997 1
62 39 56 1
167 86 2998 1
131 7 2994 0
27 44 2994 0
186 80 2999 1
106 73 2994 0
146 22 20 1
85 22 2991 0
117 172 2996 1
96 86 2991 1
136 31 2993 1
184 117 2992 0
155 145 40 0
147 83 26 1
171 2 2997 0
39 188 2990 1
88 154 78 0
130 19 69 1
122 55 2990 1
127 18 37 1
137 148 42 1
127 29 3060 1
97 16 2990 1
67 164 22 1
53 126 2990 0
143 2 2998 1
27 50 2997 0
114 82 2995 0
58 68 10 1
109 102 2991 0
41 5 11 1
146 88 2996 1
50 101 2993 1
33 90 2993 1
192 96 2996 1
3 72 2993 1
178 148 2993 1
18 87 2994 0
34 79 2999 0
91 59 2990 1
64 112 2992 1
195 71 128 0
128 84 2995 1
43 68 2999 0
115 41 2993 1
151 188 2998 0
17 64 2993 0
111 87 2991 1
19 35 2994 0
121 78 98 1
63 74 2995 0
165 190 2991 0
12 120 1 0
57 141 2993 0
159 102 2994 1
178 49 2994 0
60 87 2998 0
147 141 2997 1
4 48 2992 0
44 169 2992 1
118 66 2992 1
163 118 2996 0
155 163 2998 1
58 114 2999 0
17 98 2993 0
117 140 45 1
168 72 2994 1
74 167 2993 1
91 133 2997 0
151 106 19 0
64 78 2990 1
133 158 2991 1
15 190 2999 1
180 89 2990 0
176 74 2994 0
90 163 2993 0
37 102 2993 0
172 75 2992 1
102 180 2992 1
150 187 59 1
37 142 2994 0
69 42 2990 0
128 144 2991 1
125 69 2998 0
196 160 2992 1
191 127 58 0
40 47 2998 0
170 163 123 1
10 92 2998 0
88 58 2994 0
57 119 4 0
191 24 11 1
53 121 2990 0
100 42 2997 1
131 149 184 0
86 137 2991 0
56 14 50 1
77 60 2994 0
15 168 81 1
129 83 2996 0
115 148 2999 0
52 9 2991 1
55 136 2998 1
60 52 49 0
116 107 2999 0
58 32 2999 0
129 95 19 1
140 127 2993 0
36 58 2990 0
55 103 2998 1
85 21 2999 0
145 116 2992 0
82 89 2997 0
139 45 2992 0
134 76 16 1
188 195 2996 1
135 42 7 1
16 8 41 0
164 61 45 1
76 98 2991 1
101 48 2997 0
169 165 2990 1
76 30 2999 0
31 66 2998 0
37 158 2995 0
31 167 55 1
138 175 2991 1
6 167 2991 0
15 113 2996 0
135 88 2997 1
106 134 2991 0
129 194 52 1
64 179 2995 0
170 100 2995 1
138 71 91 0
27 125 186 0
87 50 43 0
101 69 2997 0
49 163 2990 0
19 180 2991 1
103 19 2996 1
104 172 2992 0
90 171 2998 1
106 60 6 0
144 161 2996 0
138 132 10 1
170 117 2997 1
149 119 2995 0
192 100 2994 1
197 161 2998 1
162 163 2999 0
74 85 2992 0
127 102 2991 1
181 79 2990 0
31 125 241 1
109 111 2999 0
53 70 2993 1
104 55 2994 0
158 172 2992 0
170 2 2998 0
91 95 83 1
8 77 2995 0
43 168 2992 1
181 189 27 1
124 148 2993 0
152 96 13 1
40 55 66 0
144 169 14 0
122 158 2990 1
165 151 54 0
133 55 64 1
38 131 62 0
6 2 2999 1
60 89 2992 0
197 60 2991 0
44 81 58 0
183 25 2991 1
34 77 2999 1
24 36 2990 1
158 6 2993 0
93 79 15 0
16 145 2999 1
75 33 2990 0
35 158 2993 0
135 10 39 1
7 160 2999 0
147 57 2998 1
157 16 2993 1
127 82 2990 0
62 165 2992 1
63 78 2990 1
128 3 2995 1
35 85 2992 0
56 7 2993 1
123 16 2990 1
112 54 78 1
161 80 2998 1
89 66 2998 0
111 142 2993 1
172 159 30 0
73 173 2993 0
125 38 2994 0
182 118 2993 1
112 171 2996 0
159 175 2992 0
149 191 2994 0
11 149 2999 0
129 43 2992 1
190 91 7 1
56 112 2990 0
120 95 2995 1
96 198 2993 1
62 182 2993 1
33 41 2991 1
99 162 2995 1
139 141 22 0
116 65 2999 1
152 106 2995 1
99 8 2996 0
146 72 2994 0
34 35 2994 0
51 146 2990 1
101 35 2992 0
191 120 2992 0
32 97 160 1
18 33 2995 1
33 9 2990 0
4 61 2997 0
30 173 2990 0
58 6 2995 0
97 199 753 1
74 188 2990 0
22 178 2995 0
33 102 2995 0
44 149 2995 0
155 77 2996 1
54 94 2995 1
127 106 2992 0
185 5 2994 0
105 127 2996 0
198 51 2997 1
177 36 2997 1
79 132 2993 0
185 159 10 1
193 149 2990 0
194 196 2995 1
101 124 2994 1
51 167 2999 0
64 43 46 0
132 53 2991 0
94 88 70 0
112 102 2991 0
99 113 5 0
35 104 49 1
180 119 2994 0
71 87 2990 1
149 64 2991 1
49 194 2996 0
177 158 2998 0
144 175 2993 0
194 55 2991 1
69 172 2994 0
35 180 2990 0
157 102 2998 0
172 123 9 0
35 114 37 0
60 155 2990 1
143 150 3999 1
191 128 2997 1
195 142 2996 1
110 120 2996 0
81 179 2993 0
140 33 50 0
190 17 3435 1
69 186 39 0
155 161 46 0
68 188 2998 0
105 46 2999 1
192 196 2991 1
183 88 2999 1
15 54 2999 1
77 198 2996 1
65 89 60 1
100 191 2996 0
173 45 2999 0
192 133 2991 1
82 10 2991 0
103 134 2998 0
25 163 2999 1
176 83 21 1
97 1 2998 1
122 39 2999 0
140 76 2998 1
58 53 49 1
188 172 2993 1
171 161 2992 0
25 159 2990 1
136 64 2993 1
3 191 2999 1
63 122 2996 1
72 120 10 1
4 17 2999 1
175 63 2992 0
192 54 71 0
17 163 2996 1
139 49 23 1
96 23 2998 0
96 168 2999 0
22 30 2990 1
102 104 2995 1
62 194 37 1
164 65 3216 0
190 9 3254 0
156 116 21 1
63 194 2992 1
176 89 2990 0
118 107 474 1
26 142 2991 0
190 192 86 1
168 81 162 1
63 41 75 0
7 78 2992 1
155 71 2992 1
169 38 50 0
94 132 2993 0
195 82 2992 1
56 115 2992 1
183 196 2998 1
46 20 2998 0
196 166 54 1
129 189 2991 1
1 71 2996 1
136 62 2997 1
35 146 2998 0
35 31 2996 0
150 40 62 1
150 30 2996 1
29 45 3489 1
24 124 2999 1
91 33 2996 1
183 5 64 0
195 41 2993 0
195 33 2998 1
6 13 17 1
36 74 2991 0
148 104 2991 0
179 118 2990 1
13 192 2990 1
146 92 2995 0
133 150 2994 0
85 31 2990 1
136 45 2996 0
30 117 2997 1
180 73 2993 1
89 183 36 1
26 183 2992 1
137 88 2995 1
66 58 2996 1
157 77 2999 0
65 143 26 0
183 95 2995 0
161 45 2993 0
65 113 3218 1
9 122 2992 0
51 107 2991 1
20 89 2998 0
13 64 2997 1
161 115 42 1
192 94 2994 0
99 42 2992 1
3 173 2999 0
16 5 2993 1
13 103 2999 0
187 55 2993 0
119 188 15 0
88 51 2999 1
66 116 2993 0
48 175 97 0
186 146 2993 1
136 38 2993 1
165 99 2996 0
61 105 2996 1
41 117 2993 1
30 145 2997 0
49 87 2997 1
24 77 54 0
3 38 2990 0
13 188 2992 0
184 108 2997 0
194 172 2992 1
157 22 79 1
175 22 2991 1
174 166 2999 0
194 93 2998 0
170 138 2995 0
99 112 2998 1
82 144 88 1
103 101 2990 1
84 46 2993 1
148 198 2996 0
28 77 2991 0
117 158 2996 1
149 137 2998 0
131 65 2990 1
139 55 2994 1
198 43 1 0
70 179 474 0
172 16 2993 0
194 51 2998 1
197 84 37 0
90 50 2993 0
50 126 36 0
11 9 55 1
30 155 2997 1
70 193 2995 0
55 186 2997 0
85 146 2991 1
7 25 2996 0
7 100 2992 0
123 89 2990 0
84 193 2990 1
110 98 2994 1
64 76 2992 1
129 73 2995 0
67 115 2998 1
157 178 2994 0
130 131 2996 0
25 10 2993 1
160 184 3 1
45 40 2994 0
122 102 2990 1
83 50 2998 0
101 76 2997 0
21 136 2998 0
33 110 2991 1
36 80 2997 1
189 119 2997 0
111 158 3 0
4 94 13 1
167 89 2990 1
155 160 2994 1
98 124 2991 0
32 78 2990 0
75 124 2990 1
102 185 2995 1
132 118 2990 0
177 133 2995 1
122 143 4077 1
181 173 2996 0
94 64 2997 0
124 136 97 0
68 64 8 0
139 170 2998 1
171 96 2998 1
177 1 2992 1
22 98 2992 1
11 163 2993 1
60 10 2998 1
161 86 2996 0
189 128 2993 1
178 60 2998 0
66 52 2991 0
39 80 2998 0
56 88 2997 0
117 102 12 1
10 160 2994 0
83 31 2995 1
37 126 2995 0
134 41 2992 1
89 143 2995 0
103 2 2991 0
144 165 2999 0
48 54 2998 0
168 190 2998 1
85 157 2998 0
109 114 2991 1
90 153 2997 0
46 175 2996 1
92 35 2997 0
19 32 2998 1
6 78 125 1
111 9 2995 0
86 150 2998 1
54 163 2995 0
110 174 121 1
85 26 2996 1
52 6 2992 1
174 149 2993 1
193 198 2997 1
73 57 2995 1
67 55 2992 0
159 142 2999 1
134 148 40 0
23 39 2996 0
144 143 2993 0
123 116 2990 0
155 107 2999 1
106 67 2993 1
89 198 2995 0
140 7 2991 0
86 31 2994 1
93 169 2998 1
16 121 2997 1
67 17 2995 0
144 22 2995 1
109 66 2991 0
8 38 2999 1
146 172 2995 0
184 185 2999 0
159 73 2993 1
124 128 2990 1
181 21 2994 1
67 161 2994 1
92 93 2993 0
61 173 2990 1
137 2 2996 1
8 160 2998 1
152 76 2991 1
190 69 3326 0
134 24 2992 0
190 129 2992 0
121 175 57 1
163 48 163 1
45 75 2993 0
4 135 2995 0
29 179 2992 1
29 114 2994 1
195 7 2990 1
124 170 2992 1
179 87 2998 1
177 137 2992 1
184 114 2992 0
100 26 2990 1
126 111 2993 1
11 136 2990 0
27 52 2999 0
79 101 29 1
70 82 133 1
127 169 2998 0
15 185 2994 1
5 131 2991 0
14 118 2992 1
70 147 2995 0
119 179 2992 0
39 4 64 1
90 162 8 0
92 36 77 1
88 92 2999 0
42 25 35 0
60 129 2993 1
59 33 2993 0
132 177 2997 0
2 3 11 1
115 78 2999 0
12 109 38 1
14 108 2999 0
147 34 2992 1
112 40 2997 1
62 68 2995 1
143 6 3745 0
191 163 2991 1
87 158 2995 1
131 171 2997 1
102 113 2995 0
111 19 2994 1
101 9 2999 0
108 118 2996 0
60 92 2993 0
30 199 1294 1
109 106 2993 1
74 51 2999 1
178 7 2999 1
171 66 2996 0
141 52 2997 0
86 29 52 0
98 51 40 0
16 32 2999 0
188 40 2998 0
46 83 2990 1
184 123 2998 1
75 197 2994 0
76 39 2998 1
15 105 2991 1
33 70 2997 1
75 61 2997 0
194 179 2992 1
160 80 2990 1
188 167 2991 1
24 50 2993 0
68 95 2999 1
29 144 2994 0
132 93 2997 1
150 100 2999 1
18 110 2997 1
105 3 2991 1
59 127 2996 0
105 23 17 1
17 11 118 1
114 168 2998 1
72 24 2999 1
98 36 24 0
198 141 2998 0
49 16 2991 1
72 41 2995 0
50 146 2993 0
163 51 2999 0
43 181 2996 1
71 187 2992 0
130 139 2997 1
136 165 2996 0
189 86 44 0
45 122 13 1
163 123 2996 1
42 182 2997 0
101 78 2991 1
162 144 2993 1
100 132 2999 0
34 182 2995 0
138 162 2997 0
10 173 51 1
66 77 63 1
159 134 2999 1
141 34 18 0
132 102 108 1
11 99 2992 0
39 142 2991 0
49 168 2992 1
184 69 2997 0
66 114 2995 0
46 161 2999 0
105 85 44 0
126 162 2997 1
126 170 2999 0
198 125 2998 0
146 6 2993 0
46 54 2997 0
189 74 2994 1
48 93 2993 1
108 1 31 0
64 198 2999 1
140 90 2995 0
142 63 74 0
176 129 2994 0
149 40 2999 0
119 128 2992 1
23 27 2994 0
90 179 2993 0
100 93 2999 0
170 116 2997 0
57 59 22 0
126 143 2998 0
198 153 8 0
48 89 2994 1
7 37 58 1
50 66 2990 1
58 95 2997 0
57 16 2990 0
173 56 2992 1
43 12 2990 0
140 15 2998 0
45 141 2997 1
66 197 39 1
158 75 5 0
171 100 18 0
10 189 2992 1
89 24 2994 1
15 25 2991 1
112 136 8 0
105 174 2994 1
37 139 2997 0
107 32 189 1
87 129 2995 1
4 177 2990 0
103 127 2993 0
124 50 2990 0
34 52 2993 0
196 164 2993 1
45 0 2 0
158 175 2998 0
116 177 14 1
9 32 2991 0
43 9 2998 1
123 0 245 0
27 74 2991 0
32 46 2992 0
37 184 2993 1
100 107 2992 0
80 195 120 0
30 47 766 0
165 132 2994 1
176 189 2997 1
27 122 2994 1
133 18 2999 0
92 83 2999 0
108 193 20 0
80 192 2995 1
115 14 42 0
89 188 2999 0
6 145 2992 1
84 172 2992 0
101 167 2994 0
23 179 2996 1
98 195 2994 0
122 162 30 1
14 176 2991 0
180 155 2999 0
87 46 129 0
111 91 2999 0
178 106 2996 1
3 190 2990 0
122 6 2993 0
51 192 2990 1
159 166 2990 1
177 156 2997 1
66 76 2996 0
123 124 2996 0
47 120 2999 1
174 39 2994 0
16 67 2997 1
182 23 19 1
191 90 2995 0
195 148 2992 1
24 179 2992 0
170 149 26 1
69 46 2999 0
8 40 2993 1
44 95 2996 0
20 76 2994 1
145 93 26 0
50 68 2990 1
59 165 2991 1
103 26 2998 1
80 197 2998 0
37 169 2990 0
7 120 2999 1
165 83 2994 1
192 138 2990 1
166 26 28 1
137 51 12 0
155 193 2992 1
123 42 2991 1
62 85 2992 1
73 33 48 0
3 183 2992 0
71 171 2997 1
28 160 6 0
145 102 2997 0
187 143 57 1
64 49 2992 0
58 78 2996 1
177 63 2992 1
1 94 2991 0
45 184 2997 0
130 110 75 1
116 91 2996 1
45 58 2996 0
157 46 9 1
76 133 2992 0
180 156 36 1
183 18 2993 1
9 146 57 1
178 37 68 1
139 48 2993 1
194 117 2994 1
101 189 2997 0
53 52 2999 1
1 166 2996 0
192 79 2991 1
113 49 53 0
142 7 24 1
24 6 2995 1
170 122 2999 0
48 170 2994 0
171 69 45 1
121 140 2999 1
14 183 2991 0
29 165 10 1
19 80 34 0
114 27 2996 0
188 127 2993 1
150 64 2997 1
62 65 2994 1
160 102 2994 0
185 101 40 1
167 103 2998 1
37 28 2990 0
60 80 2999 1
72 83 2995 0
48 185 2994 1
198 159 2994 0
97 154 2993 0
193 20 64 1
110 111 2995 0
115 17 2997 0
53 1 2990 1
87 85 2991 1
181 186 43 1
21 154 54 1
34 67 2997 1
53 135 2992 0
