109
200 161
106 171 13 0
77 84 9463 0
35 188 41 0
148 66 5402 1
11 12 4251 0
169 173 8257 0
144 186 54 0
52 147 47 1
62 99 12 0
191 171 9752 1
161 70 23 1
76 9 27 1
26 82 1693 1
0 93 6335 1
42 91 68 0
77 159 19 1
19 85 8255 1
51 65 88 1
175 137 7723 0
103 37 63 1
119 143 7729 0
74 26 11 1
66 164 76 0
190 53 7676 1
188 6 60 1
101 119 3477 1
134 162 97 1
50 17 8 0
147 22 44 0
132 13 3 0
196 95 33 1
152 76 347 0
24 20 9232 1
141 149 304 0
167 179 79 0
9 78 6189 0
45 37 8187 1
60 125 8679 1
118 186 2934 0
74 72 74 1
43 156 64 1
15 33 62 0
103 136 88 0
63 115 78 1
157 166 9154 0
86 45 8 1
96 22 67 0
177 39 45 0
90 62 92 0
159 197 42 0
127 147 9 0
70 74 99 1
75 192 32 0
170 35 3980 0
124 13 571 0
57 110 97 0
28 118 58 0
28 92 82 0
36 187 7417 1
35 156 7285 1
19 174 76 0
189 74 11 1
111 126 89 0
181 7 5712 1
145 66 6 0
122 176 25 0
16 174 3045 1
71 135 1365 1
31 136 54 1
65 128 8936 1
34 119 64 1
50 190 33 1
158 21 1 0
9 50 3979 0
16 3 1 0
171 137 15 0
163 127 26 0
86 84 25 0
73 133 9 1
77 144 78 1
74 57 70 1
152 158 50 0
76 24 67 1
167 63 61 0
163 159 69 1
116 118 46 1
168 183 20 0
107 95 50 1
73 8 43 1
107 98 351 1
195 131 94 1
198 178 76 0
58 92 7885 0
126 110 5 1
120 27 8661 0
176 81 20 1
118 103 5855 0
121 134 6695 0
58 15 93 1
134 189 1819 1
91 85 63 0
144 94 6702 0
189 50 67 0
179 104 36 1
119 152 1999 1
89 90 8778 0
111 101 42 1
101 19 34 0
22 18 22 1
114 32 27 0
52 88 7007 0
55 22 94 0
21 195 3643 0
77 12 7323 0
145 127 1 0
27 174 24 0
166 54 3150 1
9 173 9 0
192 157 12 1
109 3 19 1
132 199 20 1
5 97 14 0
139 151 1902 1
158 48 8 1
140 68 87 1
63 120 6039 1
159 53 8836 0
132 83 7897 0
4 45 0 1
41 54 61 0
71 69 9407 1
166 49 5962 1
18 95 20 1
92 160 80 1
97 35 5639 1
187 7 86 0
72 144 9484 1
130 178 9627 1
13 65 82 1
58 32 34 1
51 162 8 0
121 197 41 1
29 87 327 1
114 187 5059 0
115 106 37 1
189 83 95 0
39 80 2757 0
134 176 3715 0
164 12 24 1
175 44 2662 0
185 136 70 1
158 98 79 1
106 156 84 1
151 100 69 0
5 27 30 0
72 178 6190 1
81 114 84 1
190 133 92 0
24 128 68 1
29 3 4063 0
85 127 78 0
