1 1
1
1 1
0
20 20
00000000600000000000
00000000100000000000
00000000500000000000
00000000200000000000
20000000100000000000
10001212112131341400
20000000100000000000
00330000100022000000
00210000200021000000
00000000300000000000
00000000100000000000
00000000500000000000
00000000000000000000
00000000000000000000
00000045000000000000
00000005399000000000
00000000008710000000
10000000000000000004
10000001111000000004
12200000000000000333
20 10
00000000000000000000
00000000000000000000
00000000000000000000
00000000000000000000
00000000000000000000
00000000000000000000
00000000000000000000
00000000000000000000
00000000000000000000
00000000000000000000
20 20
00000000000000000000
00000000000000000000
00000000000000000000
00001499991123500000
00322000082400400000
00300010083500600000
00400220064600000000
00500000015700200000
00600000016800100000
00781155125989500000
00000000000000000000
00111111122222200000
00700000000000200000
00701234567890200000
00700100000010200000
00700100220010200000
00700100000010200000
00700888888810200000
00890000000000200000
00044444444444400000
20 20
11111111111111111111
11111111111111111111
11111111111111111111
11111111111111111111
11111111111111111111
11112211314567888111
11111111111111111111
11111111111111111111
11111199999111111111
11111111111111111111
11111111111111111111
11111111222233411111
11111111111111111111
11111111111111111111
11111111111111111111
11111111111111111111
11111111111111111111
11111111111111111111
11111111111111111111
11111111111111111111
-1 -1
Downloader failed!
Response object
006~ASP 0159~Buffering Off~Buffering must be on.
