1634
50 128
37 47 9603 1
19 15 1382 0
23 29 1024 0
24 4 280 0
19 31 1246 1
30 4 564 1
44 10 1166 0
18 24 685 1
48 39 991 0
14 24 1233 1
36 13 1616 1
3 25 1586 0
34 12 1515 0
15 14 1036 1
41 25 476 1
43 3 125 0
31 7 148 1
35 45 1376 1
25 38 660 0
35 43 48 1
0 19 1482 0
40 11 113 0
38 44 2067 0
18 33 330 0
36 38 1214 0
33 26 2261 0
36 22 1576 0
24 30 766 1
26 34 577 0
44 1 923 0
44 17 335 1
21 48 1310 1
48 3 4312 0
2 1 6043 0
25 37 1071 1
30 35 688 1
3 6 1400 1
37 0 1353 0
31 22 404 0
46 11 1101 0
46 27 8815 0
15 23 219 1
3 20 1140 0
24 44 506 1
21 3 594 1
17 1 165 0
20 0 1585 1
27 34 584 0
46 37 788 1
12 6 6907 0
48 29 1353 0
32 22 8189 1
12 9 1249 1
25 49 1078 0
25 31 999 0
8 39 4134 1
25 39 1266 1
44 41 105 0
27 15 310 0
48 22 5690 1
6 43 422 0
31 46 604 1
8 12 331 0
22 6 577 1
6 20 367 0
41 42 1371 1
41 37 1093 1
18 42 3213 1
33 23 685 1
35 38 1414 1
6 41 5664 1
6 10 932 1
3 0 2095 1
16 47 1024 1
25 27 263 1
40 2 36 0
45 16 9661 0
11 4 1027 1
47 7 996 0
48 34 2551 1
25 13 819 1
18 31 1574 0
38 47 7023 1
0 29 3479 0
29 49 8540 1
5 34 431 0
36 16 1272 1
9 0 7463 0
17 0 1001 0
4 2 1364 1
32 26 941 0
9 2 795 1
0 33 208 0
7 5 1541 1
31 33 7029 0
35 18 5599 0
12 0 41 1
1 49 28 0
14 0 698 0
2 7 1378 0
24 45 1674 0
8 26 1457 0
45 37 242 0
48 47 3464 0
16 2 4506 1
19 0 1044 1
26 18 1404 1
29 41 6065 0
21 42 865 0
30 48 1481 1
40 17 366 0
23 27 110 0
26 42 1398 1
3 28 8095 1
27 9 1327 0
33 16 297 0
29 32 870 1
22 2 615 0
43 20 1011 0
45 22 1185 0
21 47 1498 1
4 49 82 0
3 22 886 0
12 7 1333 0
23 36 939 1
37 6 1356 1
16 20 759 0
0 16 4348 0
