1439
200 1017
175 173 1357 1
67 150 3854 0
179 75 9004 0
158 105 1100 1
8 102 491 1
166 19 527 1
136 128 531 0
62 21 1254 1
48 59 4994 1
143 119 3833 0
16 124 403 1
192 123 718 1
37 60 1063 1
83 176 821 1
56 155 2710 0
40 193 1178 1
98 63 2890 0
30 91 673 0
35 18 547 1
43 153 7278 0
62 110 87 1
83 144 943 0
160 111 1222 0
20 38 809 0
48 4 5786 0
180 77 823 1
188 105 550 0
177 116 4950 1
39 112 1252 0
1 92 1333 1
88 12 244 0
30 53 575 1
115 191 948 0
150 26 7314 1
145 128 1195 1
184 60 408 1
92 153 327 0
19 127 698 0
41 83 1137 1
180 184 9159 0
27 137 468 1
85 105 6238 0
72 83 447 1
114 55 5205 0
183 138 107 1
7 5 348 1
167 89 37 1
118 193 3685 0
128 7 4178 0
43 77 473 1
165 34 802 1
23 159 906 0
162 83 689 1
3 53 4794 1
15 143 166 1
72 71 194 1
143 36 870 0
58 174 2770 1
183 112 7959 0
40 166 9982 1
73 188 1654 1
189 59 511 0
57 31 8114 0
120 157 4578 0
195 185 114 1
87 24 968 1
56 102 9319 1
157 181 9505 0
56 175 708 1
11 126 1270 0
95 1 9170 0
98 105 687 0
1 84 576 1
163 38 7989 0
46 189 213 0
130 12 7308 1
62 68 1243 0
97 98 1371 1
144 179 1962 1
195 86 7132 0
5 98 8344 1
125 177 2988 1
68 72 3438 1
101 35 6421 1
103 38 9351 1
187 156 2295 0
110 166 7574 1
60 64 4876 0
31 21 1258 1
91 51 3487 0
56 180 4045 1
66 195 1352 0
96 73 5282 1
11 164 1064 0
35 90 3399 0
153 0 4805 0
60 142 891 0
149 147 1316 1
22 36 1019 1
6 66 8861 1
193 187 8730 0
143 11 876 0
98 117 391 1
67 141 38 1
45 190 8534 0
44 180 889 0
108 186 56 1
95 183 231 1
153 161 3106 1
15 95 845 0
53 130 589 0
3 159 270 0
189 183 1341 1
163 73 181 0
75 16 1102 0
168 151 5132 1
180 100 604 0
95 14 1422 1
58 3 930 0
51 128 8481 1
66 59 541 1
95 68 5075 1
62 50 718 1
112 189 868 1
83 139 5907 0
87 9 1232 0
163 148 176 0
126 194 884 1
174 156 6285 0
177 155 12 1
32 195 255 1
168 102 846 1
17 173 5065 1
84 13 6147 0
114 121 1181 1
128 191 475 0
112 52 1273 0
190 114 1346 0
120 3 196 1
66 1 536 0
160 92 3074 1
119 25 9596 0
116 158 1227 0
181 162 3731 1
16 19 443 0
96 115 349 1
40 124 9832 0
182 198 1142 1
113 64 1244 0
84 5 873 1
71 9 677 0
13 175 1718 0
155 81 1402 1
117 158 194 1
4 195 182 1
16 11 530 0
6 93 1006 0
83 88 7716 0
124 80 353 1
106 109 751 1
163 154 954 1
104 159 551 0
104 190 1201 1
135 129 512 0
81 106 371 0
160 29 6411 1
178 128 867 1
71 88 1325 1
21 110 871 0
62 185 9911 1
106 53 7771 0
42 67 646 1
54 124 1373 0
98 90 829 0
98 169 494 0
146 179 195 1
82 180 9516 1
93 158 807 0
168 56 924 1
169 61 335 1
170 56 6685 0
123 180 965 0
192 171 264 1
139 14 1061 1
154 25 1006 1
29 22 7224 0
16 86 1050 0
182 184 70 0
61 96 1040 0
160 73 2545 0
23 83 565 0
132 163 312 1
9 4 591 0
5 140 3719 1
67 1 942 0
72 133 964 1
60 85 387 1
154 68 8729 1
12 63 1293 0
4 3 6747 1
39 83 897 1
60 183 16 1
181 111 1339 1
118 137 918 0
46 37 5953 0
170 45 998 1
20 108 924 0
135 70 178 1
110 148 603 1
111 81 3094 0
26 131 2728 1
2 98 1077 0
84 44 7092 0
27 54 5868 0
1 154 6025 1
48 17 474 1
171 144 3657 1
25 160 861 0
196 115 6302 1
0 112 8712 1
66 109 8411 1
105 39 71 1
52 133 971 1
152 161 811 0
42 30 1080 0
141 131 453 1
69 27 139 0
28 54 2747 1
17 168 624 0
120 103 1090 0
23 142 1098 1
31 27 347 0
119 116 6215 0
94 32 1140 0
135 146 1116 0
46 47 1416 0
43 176 7244 0
9 105 1309 0
131 68 619 0
79 32 1177 1
34 46 533 1
86 109 1413 0
95 117 1287 0
150 77 656 0
130 26 708 0
192 70 1300 0
109 14 6455 1
12 2 788 1
187 121 40 0
101 52 8923 1
125 148 2091 0
115 41 1411 0
95 11 156 0
190 2 1481 0
90 135 1346 0
144 91 5863 1
109 196 2256 1
80 176 876 1
45 68 874 1
169 170 8691 1
3 78 1134 1
125 40 9296 1
99 59 1191 1
92 118 592 1
36 80 3691 1
5 8 5559 1
53 48 88 1
183 99 821 0
75 178 761 0
80 145 891 0
119 102 5627 0
8 15 5316 0
151 100 8312 0
123 189 2255 1
25 152 534 1
17 132 376 0
140 89 792 1
183 66 88 0
97 37 6674 0
120 149 1223 1
98 170 5099 0
98 56 890 0
143 112 1217 0
199 52 596 0
180 151 927 0
117 78 8614 1
5 33 1063 1
83 91 1129 1
72 176 7155 0
108 79 1046 0
120 2 9090 1
77 65 1423 0
126 178 4836 1
160 187 3806 0
101 146 2712 1
166 99 448 0
124 47 1312 1
170 50 1120 0
108 182 5375 0
48 137 713 0
46 8 847 1
147 13 1338 1
58 81 8749 0
70 134 976 1
162 17 4274 0
124 28 1327 1
77 4 5932 1
87 192 374 1
128 49 238 1
19 135 1385 1
29 166 452 0
165 69 728 0
169 112 5263 1
135 74 531 1
195 11 258 1
0 138 7557 0
93 167 3681 1
178 122 7338 0
25 157 1202 0
149 11 761 0
114 199 421 1
159 1 877 1
155 47 187 0
138 30 945 0
136 53 905 1
185 189 7507 1
70 94 1118 1
24 82 554 0
198 173 77 0
123 59 1203 0
35 112 154 1
92 105 1375 0
10 97 9798 0
117 105 966 1
144 192 7821 0
145 125 34 0
2 145 1332 1
132 116 1000 1
162 55 6866 0
190 105 206 0
79 141 1402 1
46 75 495 1
59 30 954 1
69 152 934 0
59 161 437 0
45 35 1333 1
177 88 1126 1
142 196 412 0
8 183 752 1
24 131 804 0
164 88 1385 0
7 89 25 0
67 156 1168 1
121 14 151 0
37 102 19 0
8 115 4446 0
22 133 383 1
91 7 382 1
130 56 668 0
53 36 1062 1
112 164 9075 1
28 80 909 0
76 113 8545 0
64 128 399 1
125 197 6499 1
116 53 490 1
2 101 413 1
60 67 323 0
122 137 1944 1
70 154 8792 0
0 118 671 0
19 108 869 1
152 6 1333 1
25 76 362 0
189 167 1364 0
35 82 1397 1
48 44 122 1
88 107 1252 1
128 177 5359 0
2 80 1048 0
46 96 7560 0
77 167 240 1
28 154 512 1
132 81 1239 0
76 119 677 1
199 64 422 0
114 52 339 0
135 132 1051 0
80 35 1067 1
109 110 1325 1
26 141 727 1
70 81 59 0
144 140 1231 1
141 121 741 1
106 63 655 1
80 41 937 0
176 166 642 1
135 96 870 0
199 86 881 1
176 164 839 1
115 32 451 0
121 24 305 0
7 43 2445 1
20 184 142 1
105 178 609 0
133 58 4422 1
16 199 1083 0
186 48 6950 1
167 191 393 0
13 17 12 0
105 24 94 0
171 32 599 0
19 158 7478 0
76 116 1263 1
178 70 1157 0
158 153 902 1
103 54 4058 1
139 164 1269 0
163 92 575 1
145 47 1218 0
111 10 1281 0
194 71 297 1
158 23 1252 0
177 49 275 1
18 191 860 1
179 29 257 0
158 50 243 0
38 23 1298 0
27 98 430 1
27 11 938 1
132 3 5795 1
190 26 1112 1
35 69 973 0
154 84 1283 0
76 125 1117 1
144 42 3412 0
115 14 6010 0
6 119 1185 0
56 69 860 0
61 145 721 0
84 22 1301 0
181 135 8089 1
164 2 3129 0
125 181 117 1
92 123 4201 1
1 125 130 0
159 64 464 0
140 193 2 0
132 138 1421 1
127 188 1261 0
141 40 1526 0
1 136 856 1
157 197 538 1
132 32 26 1
128 68 893 0
138 84 707 0
71 176 7012 0
32 5 9760 0
172 131 1140 1
47 120 1336 1
116 43 666 1
76 91 922 0
97 168 635 0
116 173 6610 0
178 134 875 0
10 180 1309 0
1 175 1417 1
52 35 421 0
90 112 1310 0
60 113 4290 0
0 152 248 0
157 85 9289 1
43 34 788 1
197 28 889 0
176 31 500 0
141 182 506 1
92 143 286 1
154 76 1386 1
27 95 373 0
105 76 250 0
105 1 313 1
154 134 4428 0
136 177 3403 1
18 70 5295 0
160 1 644 0
65 128 3722 1
109 84 662 1
9 49 9458 0
16 134 57 0
156 64 556 0
50 10 593 1
194 0 1270 1
138 65 857 1
113 82 347 0
50 131 345 1
113 88 180 0
188 115 7438 1
27 37 8235 1
95 155 1089 1
0 175 290 1
164 25 218 1
77 26 587 0
41 31 180 1
103 188 1142 0
193 138 1358 0
49 189 339 1
165 91 51 0
8 137 4737 0
91 63 516 1
178 76 668 1
1 176 309 0
149 168 626 1
175 112 1612 0
190 84 248 0
129 169 3818 1
43 97 1828 1
6 173 526 1
196 75 6487 1
84 87 389 1
169 82 7982 0
153 133 669 1
138 103 7806 1
54 107 371 0
178 174 8322 1
117 109 14 0
13 26 864 1
182 61 772 0
29 14 585 0
22 9 860 1
189 72 797 1
145 97 1152 1
69 4 967 0
92 38 1267 0
115 160 1315 0
188 172 2760 1
169 121 497 0
140 20 450 0
170 125 953 1
107 95 658 0
39 150 4684 1
101 32 1196 1
114 187 1149 1
11 175 1088 0
1 168 1236 0
49 101 8694 0
99 32 1313 1
198 169 9727 1
112 99 6766 0
190 148 1250 0
42 101 1041 1
85 95 776 0
44 140 881 0
39 122 4145 1
42 191 1264 0
133 9 8747 1
32 20 638 1
118 160 1271 1
167 199 682 1
163 81 176 1
44 114 4553 1
76 73 339 0
181 82 1481 1
65 180 4407 0
118 10 340 1
25 121 4692 1
77 152 32 1
1 127 1350 1
101 119 105 0
4 51 288 1
140 100 1466 0
43 155 4685 1
117 188 16 0
147 199 600 0
95 7 1363 0
87 160 18 1
135 190 7613 1
86 5 625 0
14 4 372 0
147 66 1324 0
113 184 8817 1
194 18 8974 1
127 164 2059 0
154 15 600 0
24 13 1045 1
42 52 1347 0
166 48 1378 0
155 63 532 0
18 122 835 0
74 5 6539 0
26 18 8550 0
90 57 1185 1
151 21 7895 1
60 112 8231 0
56 72 2023 1
111 42 1250 0
129 7 902 1
39 65 705 1
113 143 818 1
8 30 901 0
142 108 479 1
150 186 7671 1
78 20 293 1
116 82 501 1
1 5 637 1
24 25 8405 0
62 78 192 1
168 118 1329 1
180 3 943 1
184 43 176 1
56 71 36 0
71 186 1009 1
38 109 382 0
147 168 369 1
57 192 2057 1
183 135 567 1
32 119 1123 0
39 177 901 0
87 46 1353 1
160 11 616 1
199 131 8744 0
141 126 509 1
133 124 487 1
99 189 576 0
182 32 8626 0
44 79 8 0
85 153 1223 0
9 136 964 1
90 156 1285 1
27 168 317 1
4 30 178 0
126 88 6624 0
52 165 1078 0
193 152 223 1
167 109 260 1
184 44 61 1
174 5 17 0
166 105 1393 0
18 174 2864 0
28 89 4 1
91 101 5475 0
124 74 363 1
31 170 1372 1
15 187 244 0
80 65 882 0
84 15 2820 1
122 191 2235 0
162 93 50 0
19 163 345 1
143 96 1263 0
114 186 247 1
110 188 289 0
60 4 4342 0
131 63 95 0
31 69 548 0
19 107 583 0
144 153 1090 1
119 75 1501 1
159 84 1130 0
132 119 39 1
44 40 767 0
152 179 588 0
86 31 6294 1
157 114 7431 0
57 157 166 1
150 153 135 1
127 141 667 1
151 189 629 1
111 81 1403 1
149 146 509 0
41 119 1130 0
8 35 538 0
190 52 238 1
94 168 1103 1
192 121 645 0
31 118 729 0
127 22 5551 0
55 46 498 1
41 114 1144 1
90 172 7869 0
112 80 939 0
137 87 2219 1
46 119 6529 0
152 199 196 0
172 152 1053 1
197 78 295 0
197 53 618 0
111 26 700 1
20 189 48 1
2 51 3540 1
194 85 1074 0
64 8 9030 0
74 122 4635 1
180 18 984 0
129 145 487 1
70 193 907 1
0 46 6103 0
21 182 153 0
55 81 146 1
170 6 241 1
120 159 7622 1
126 143 626 1
68 27 934 0
69 146 653 0
66 20 5899 1
95 141 1308 0
108 50 203 0
59 132 5224 1
136 17 841 1
92 48 185 1
83 10 1047 1
13 113 9168 1
27 129 9519 0
71 17 6468 1
37 162 2731 1
75 37 6724 0
42 39 1184 0
196 42 278 0
147 176 964 1
140 45 2517 0
18 108 1869 1
2 28 1072 0
85 99 880 0
89 114 375 1
33 132 692 0
73 7 296 0
73 129 197 1
193 173 1169 0
127 49 8662 0
195 55 834 0
87 77 7599 1
73 38 960 0
22 105 695 0
86 95 7264 1
117 191 1720 1
14 121 784 1
46 117 560 0
144 38 409 0
130 15 457 0
160 156 5943 1
147 161 412 0
116 161 5662 0
199 14 2749 1
137 18 6602 1
118 94 809 0
72 199 230 1
49 98 1007 1
199 168 9645 1
49 154 631 0
72 84 944 0
165 25 1159 0
146 154 333 1
153 165 1062 1
161 36 299 1
79 174 553 0
153 34 810 1
44 74 7963 0
116 185 116 0
75 182 62 0
75 97 8181 0
188 109 382 0
98 195 6797 0
46 24 1150 1
66 147 363 1
48 157 1252 0
150 71 991 1
13 77 1213 0
146 83 937 1
156 48 623 1
9 112 1353 1
141 152 887 0
145 158 9316 0
180 79 1301 1
185 12 593 1
92 189 121 0
14 176 2863 1
144 158 9348 1
107 29 4018 0
77 135 9882 0
182 77 877 1
27 65 416 0
146 28 17 1
152 133 1850 1
54 101 344 0
67 13 120 1
140 48 3028 1
174 7 177 0
137 79 690 1
62 58 2139 0
3 186 92 1
104 48 624 1
76 95 364 0
159 114 1215 1
137 80 1662 0
27 171 623 0
64 82 305 1
107 116 1328 1
192 102 143 1
166 177 1406 1
116 190 2168 0
132 130 2330 0
76 6 1021 0
116 86 1088 1
40 127 7383 0
150 102 2888 0
126 163 573 1
69 58 1280 1
89 74 1053 0
195 91 23 1
16 145 670 0
158 12 150 1
142 12 258 1
194 75 5460 0
19 48 626 1
58 96 1429 1
21 81 669 0
50 173 8690 0
17 124 615 0
198 92 652 0
184 38 5904 0
51 21 825 1
112 172 1711 0
48 36 966 1
10 183 881 1
111 108 3449 0
144 62 405 1
92 168 9304 1
180 127 1300 0
47 166 457 1
14 87 6266 0
165 66 1364 1
86 12 5698 0
40 81 1212 1
86 25 195 0
104 190 2869 0
87 129 3865 0
10 164 6634 1
185 117 117 1
144 37 926 1
44 37 381 0
182 26 747 0
126 76 1229 1
66 129 1280 1
22 37 296 0
21 111 580 1
80 101 969 1
140 19 324 0
80 150 8801 1
161 180 992 0
75 36 7600 1
178 130 783 1
115 141 784 1
173 176 259 1
90 190 1086 1
101 94 416 1
166 138 96 0
126 89 323 0
108 185 8633 1
83 40 1035 0
70 114 935 1
4 72 9136 1
62 80 304 1
145 106 1212 1
169 148 6378 0
20 83 592 1
179 90 1265 1
40 111 2509 0
38 25 250 0
174 56 1217 1
100 180 907 1
130 94 1394 0
100 14 8135 0
78 45 1164 0
77 163 9294 0
150 179 850 0
124 24 3103 0
20 67 369 1
107 153 1078 1
91 81 4872 1
157 162 261 0
50 91 277 1
151 85 864 1
64 74 9932 0
85 65 410 0
57 148 67 0
197 76 4063 1
80 71 85 0
116 123 1388 1
98 160 8569 0
47 119 820 1
166 71 1303 0
100 87 9268 1
68 98 1204 1
195 127 6886 1
159 8 913 1
129 137 1249 1
66 96 7823 1
85 42 1352 1
1 132 804 1
91 153 7130 1
50 51 939 0
167 94 257 0
169 132 1081 0
60 173 1390 1
142 54 810 0
152 21 1218 1
194 68 998 0
198 167 702 0
20 76 479 1
56 74 471 0
186 66 446 0
121 185 7084 0
165 32 8196 1
13 70 171 1
193 21 698 0
188 163 234 1
173 8 3898 0
137 195 1246 1
24 178 1038 0
169 30 5653 1
65 67 5051 0
188 33 2490 0
189 58 364 0
191 83 5821 1
156 192 5238 0
45 0 4945 0
66 49 7916 0
1 90 1063 0
42 181 1224 1
28 168 803 1
178 37 385 1
148 36 116 0
77 41 790 0
35 21 615 1
91 19 687 0
93 137 691 0
8 108 1091 0
180 84 448 0
8 71 9448 0
93 86 953 1
113 85 46 0
176 38 917 1
90 81 1139 0
165 167 169 0
145 199 342 1
94 39 187 1
158 94 714 0
87 151 4378 1
79 50 1010 0
171 6 855 0
128 118 1079 1
80 30 564 1
185 34 1269 0
34 164 431 0
81 178 8264 1
89 3 130 0
122 186 46 0
155 32 4628 1
170 12 163 0
141 18 8906 1
12 161 3504 1
55 24 5657 1
7 85 159 1
132 173 196 0
110 81 9504 0
95 67 23 0
29 102 2454 0
130 97 1292 0
101 178 670 0
180 14 5306 1
30 93 338 1
153 173 947 1
73 80 1331 0
69 70 7782 0
68 129 784 0
187 160 101 1
37 147 8328 0
171 85 900 0
48 179 1358 0
58 59 897 1
179 67 2407 1
137 182 264 1
58 19 1139 0
170 153 268 1
187 1 7256 0
190 181 9394 0
139 89 3078 0
133 40 9688 0
99 33 961 0
107 38 7645 1
89 184 8307 0
140 103 9874 0
164 63 369 1
59 21 723 0
85 111 1113 1
105 26 3763 1
27 93 1409 1
18 99 2879 0
136 123 753 1
169 168 513 1
7 194 8914 0
117 87 995 0
16 85 328 1
163 195 6773 0
45 135 1423 0
130 103 1384 0
115 56 187 0
85 95 773 1
73 88 42 1
96 73 435 0
146 156 859 0
137 170 7991 0
114 84 4350 0
105 162 4080 1
178 11 454 1
158 134 7749 0
115 175 4947 1
108 115 155 1
