1501
1500 3975
1173 529 6824 1
1465 975 85 1
1429 683 5634 1
1074 380 341 0
380 1153 950 1
241 1301 1172 1
161 1300 1390 0
198 901 617 1
139 1321 9274 0
478 840 9669 1
881 918 845 1
193 1001 1130 1
1402 704 341 1
557 480 2502 1
421 1020 1696 0
1052 140 8918 0
1493 1039 1278 1
94 1246 1331 0
51 871 5855 0
24 682 863 1
258 788 1054 0
374 224 488 0
916 866 1195 0
1104 653 5358 0
511 762 814 1
652 475 6172 1
900 1485 1288 1
126 1473 465 0
971 9 91 0
546 547 1239 0
1021 959 369 0
707 766 6299 1
841 917 1326 1
134 447 378 0
1423 920 1287 0
67 1474 107 1
313 897 707 1
490 790 15 0
1053 618 84 0
678 331 3846 0
384 981 2968 1
419 180 323 0
691 176 182 1
996 429 6386 0
978 1024 1488 0
972 1411 4178 1
439 490 1880 1
978 1344 513 0
62 976 83 0
946 571 345 0
549 891 5576 1
930 1069 652 1
520 208 152 1
573 958 1215 0
1187 593 1447 0
1088 960 1288 1
735 505 210 1
455 0 254 0
405 1298 735 0
1271 1412 4602 1
666 683 765 0
1259 373 507 1
1323 1468 662 0
373 1285 89 1
648 1132 26 1
1059 814 1120 0
502 501 2597 0
1015 1193 1267 1
158 43 145 0
1475 101 245 0
876 888 107 1
860 991 668 1
1475 859 9262 0
109 420 11 1
21 865 1195 0
514 643 2836 0
1151 733 916 0
1168 427 793 1
1365 263 7893 1
481 181 473 0
544 896 4195 0
510 1030 56 0
1247 47 1059 1
1039 1199 6100 0
464 809 1374 1
1050 228 106 1
129 1051 811 0
490 1379 1479 0
1027 402 1386 1
1279 526 3496 0
788 637 783 1
935 236 1064 1
1175 29 565 0
626 875 1065 1
1423 120 6850 1
1026 1304 1098 0
658 413 715 1
74 179 1391 0
1388 8 815 0
1047 1341 7635 0
437 1277 235 0
686 1098 4900 1
492 373 106 1
273 1082 657 1
785 66 448 1
654 626 8207 1
1298 314 12 1
1091 1009 1242 1
411 589 249 0
937 1337 473 0
375 695 337 1
762 1150 706 0
1167 36 974 1
1274 1422 556 0
500 442 1205 1
573 478 1398 0
134 547 2128 1
1242 632 321 1
95 1198 5229 1
425 571 419 1
1137 1434 308 1
1204 1064 6420 0
1115 299 1255 1
247 1020 1090 1
1086 439 1452 1
1329 791 1260 1
463 1201 1302 1
1193 602 503 1
378 1344 691 1
260 549 658 0
1295 1220 4563 1
496 975 4723 1
1269 688 1224 0
310 1278 100 1
1371 643 1253 1
605 1007 882 0
408 1201 438 1
330 1480 219 0
126 68 128 0
102 1188 236 0
181 1024 824 0
1140 495 958 1
1239 1102 2555 1
284 1189 384 1
1383 1396 4905 1
1067 992 4411 0
1233 1307 153 0
1386 102 424 1
885 964 868 0
118 1333 7123 0
975 655 855 1
344 1248 8481 1
229 425 4522 1
815 909 1537 0
2 337 62 1
866 226 613 1
5 773 1423 0
1385 1066 628 0
800 1128 172 0
1335 1087 851 0
808 1414 9834 1
459 935 1359 1
127 1461 178 1
1446 275 451 1
444 77 917 1
382 836 1999 1
287 245 903 1
271 46 689 1
1422 190 3725 1
408 1318 1013 1
1128 302 6371 1
354 447 9880 1
208 1153 704 1
1 677 823 1
797 868 1354 1
627 1108 331 1
305 475 426 1
329 717 5868 0
387 807 8301 1
754 1477 2712 1
955 346 80 0
609 964 5487 1
1154 680 687 0
1160 1122 1300 1
1174 514 221 0
298 255 6558 1
1072 1166 44 1
1357 1341 789 0
1232 11 8335 1
174 433 904 0
673 778 7627 1
638 473 1119 1
1140 702 833 1
1272 399 541 0
917 13 4240 0
375 53 578 1
1408 92 194 0
1099 398 9696 1
1207 1121 9972 0
735 307 521 1
45 1158 1114 1
3 262 761 0
622 121 1120 0
263 814 5877 1
1090 26 30 0
984 205 27 1
819 1328 2879 0
812 1281 994 0
1373 1420 1171 1
947 481 313 1
148 517 179 0
333 1449 1450 0
1304 1466 1188 0
1234 853 75 0
1030 331 7252 0
1362 684 7154 0
606 762 717 0
501 543 1276 0
1303 1451 4232 0
164 671 28 0
1204 433 559 1
129 509 1164 0
80 922 1349 1
1330 0 9941 0
977 494 3904 0
808 997 7372 1
1200 987 136 0
800 118 1050 0
185 209 899 1
1210 791 532 1
266 1497 4895 0
376 1378 7400 0
481 1438 864 1
800 730 5914 1
482 1348 8727 0
1203 1243 6118 1
521 668 9754 1
197 1150 4453 0
197 1453 1342 1
82 902 90 1
1021 990 1059 0
652 368 658 1
356 728 1318 1
1262 451 943 0
811 1089 392 1
446 1113 641 1
1279 173 3664 0
540 342 669 1
381 1026 905 1
36 41 4649 1
133 1438 4608 0
1480 1203 639 0
186 530 81 1
1061 633 554 1
1247 145 796 0
502 869 655 1
953 1073 458 1
425 514 69 1
254 775 5665 1
8 923 708 1
449 1201 5065 1
1207 684 8479 1
966 536 867 1
421 1418 929 0
112 825 1460 1
1063 22 497 1
269 950 1684 0
1036 1217 562 0
644 632 346 1
987 162 1050 0
568 1425 101 0
1027 1386 963 0
1171 96 743 1
393 880 8799 1
579 1024 2877 0
7 1449 1464 1
962 1393 1164 1
164 657 6296 1
0 99 12 1
24 14 827 1
147 689 480 0
1298 367 995 1
1137 628 624 1
482 1293 12 1
277 772 1142 0
317 867 17 1
681 1147 2785 1
803 1219 9867 1
924 35 124 1
227 1100 27 1
803 885 8503 0
206 203 324 0
391 290 9659 0
384 98 817 1
954 740 3108 0
344 52 893 1
916 664 315 1
1472 654 983 1
1289 981 918 0
160 999 388 1
1400 735 1368 1
179 520 6885 0
675 627 606 1
95 255 1129 0
530 1325 596 0
1231 19 5753 0
934 1361 7045 1
489 1482 706 0
604 1005 727 1
887 987 1316 0
177 1396 8567 1
755 920 756 0
389 1396 71 0
713 208 3550 0
697 1188 622 1
1080 348 5985 1
43 1381 175 0
856 651 1322 0
169 1343 379 1
1059 1323 326 1
1367 62 4219 1
341 984 9202 1
131 1484 1244 0
671 317 7768 1
6 104 623 1
1392 962 689 0
635 26 316 0
1452 1147 1322 1
1034 1498 611 0
1372 788 1 0
1273 247 8863 1
215 503 246 1
351 235 730 0
334 671 1399 1
405 736 1308 1
1304 441 1031 1
716 146 1252 1
159 1208 315 1
1051 1039 2361 1
1475 1374 9701 0
637 635 558 0
157 1117 2188 1
996 358 1371 0
234 559 481 1
453 135 9550 1
1137 934 2292 1
903 841 479 1
1424 979 344 0
580 541 7244 1
919 626 7107 0
134 377 214 1
66 548 1250 0
1013 1390 5182 0
1312 638 5491 1
303 1234 1453 0
803 360 1344 0
522 1054 1487 0
413 127 1061 0
1241 1375 39 1
1404 601 348 0
676 447 333 0
1471 1266 1301 0
1433 443 172 0
221 626 1429 1
748 1274 538 1
265 1390 1914 1
894 361 512 1
329 294 8330 1
295 767 5696 1
1067 1437 643 1
782 242 72 1
1392 649 1044 1
194 1428 1805 0
1079 59 6336 1
106 227 9172 0
463 540 7681 0
1450 734 357 1
517 1277 914 0
1434 1153 7068 1
985 446 884 1
29 1351 1152 0
742 1350 402 0
634 1340 1752 1
234 1012 2771 0
618 1016 518 1
131 1256 6080 0
895 466 308 0
810 4 913 0
733 222 2600 1
0 546 714 1
1049 80 1412 0
778 1050 730 1
805 1019 172 0
100 1138 9368 1
617 9 382 0
916 29 2186 1
432 378 460 1
652 936 18 1
411 482 508 0
590 302 178 0
1242 1160 201 1
1417 1235 8867 0
729 983 1017 0
1208 375 1136 0
823 1213 723 0
134 682 985 1
574 428 5092 0
962 654 9732 0
818 14 1303 1
1264 1180 142 0
119 266 362 1
1049 1308 3833 0
927 1020 944 0
271 1021 8138 1
750 897 971 0
1332 300 851 0
1197 1160 22 0
162 38 669 1
1263 1003 922 0
1035 932 1162 0
198 1263 1266 0
820 284 1359 0
853 1420 604 1
619 392 744 0
627 495 161 1
1462 491 155 0
944 1378 47 0
571 1471 599 1
834 63 4302 0
663 1497 9948 1
886 1048 428 1
824 17 131 0
62 510 6995 0
166 34 336 0
1070 3 1098 0
389 570 6629 1
140 1138 1405 0
1031 288 676 0
196 91 5131 0
235 876 1074 1
1380 1344 1274 1
232 840 971 1
514 269 6798 1
22 854 498 1
324 466 188 0
718 500 853 1
1244 416 312 1
263 594 4522 1
1074 1317 977 1
682 271 2130 1
1342 878 1091 0
963 1407 103 0
294 1405 446 0
680 1153 837 0
788 371 335 0
1400 768 2462 1
641 1229 142 1
443 390 357 0
1058 17 14 0
16 400 675 1
884 611 1232 1
274 860 1089 1
1236 991 8191 1
658 321 839 1
1354 374 1093 1
1418 1338 1460 1
311 91 1284 0
93 1299 6959 1
137 93 1434 0
358 757 87 1
1186 98 649 1
625 1022 427 0
250 1016 8924 0
584 988 619 1
1079 414 1256 1
363 548 1343 1
1115 120 8617 0
761 1231 9307 1
109 320 319 0
1336 38 154 1
1036 461 1262 1
240 1142 7698 0
1132 886 1021 0
1442 186 1437 1
949 1084 61 0
1102 33 710 0
374 1293 1485 1
1324 283 514 0
1318 1482 1253 0
716 945 4480 1
1348 445 5011 0
1420 629 1252 1
781 1478 277 1
1085 877 1030 1
917 957 2707 1
1120 1347 993 0
13 894 1078 1
330 1244 156 0
1337 951 7954 1
888 423 108 0
699 37 4749 1
1007 1087 8866 0
250 1094 329 0
693 1064 201 0
591 1233 1438 1
653 382 279 0
866 446 534 0
701 884 7335 1
603 160 753 1
904 131 1228 0
832 464 1300 0
834 847 3831 0
1056 1369 729 0
620 1041 2055 1
818 322 1094 0
624 1195 660 1
1289 772 373 1
1135 562 9027 0
1062 1092 532 1
1133 568 254 0
545 1123 400 1
908 631 175 1
1419 1064 2264 1
161 1372 1270 1
290 1113 3365 0
1428 831 471 1
406 241 1132 0
192 1004 1047 1
715 551 490 0
222 812 4418 1
1107 749 725 0
332 863 840 1
602 1285 381 0
1461 393 378 0
77 873 551 1
507 1055 628 1
274 104 361 0
851 1130 162 0
1141 780 1666 0
304 1486 7247 1
666 701 2391 0
1041 1123 35 1
1484 1398 639 1
403 1040 1592 1
913 1437 131 1
1227 736 8252 1
664 1195 830 0
1033 1460 242 1
307 615 1210 0
874 882 1217 0
419 215 1481 1
1353 60 900 1
501 1396 3278 1
978 561 1125 0
781 782 252 0
718 200 336 1
1407 695 874 1
1358 1351 1077 1
1461 1416 943 1
1331 126 251 0
1250 1075 3165 1
503 142 1173 1
669 355 3309 1
855 430 6581 0
1188 147 353 1
92 1046 6396 0
200 571 1374 0
1445 1222 768 1
1100 582 7374 1
714 1250 946 0
550 1152 1132 0
1157 292 1129 0
1209 1403 491 1
377 866 1319 0
1167 401 664 0
955 171 1891 0
1152 753 4140 0
1080 1259 1383 1
593 1470 311 0
56 1012 327 0
1177 564 922 0
83 209 822 0
1123 1097 833 1
239 502 625 0
170 89 751 0
709 182 9850 1
918 611 1384 0
1092 835 725 0
343 280 246 1
1499 26 948 1
234 327 8298 1
62 61 921 0
149 411 1489 1
363 998 6712 0
1124 799 711 0
1024 1210 6748 1
1233 846 68 0
1229 614 573 1
262 1217 806 1
1450 197 994 0
595 108 729 1
1100 116 5331 1
608 92 8558 0
1357 1440 776 0
980 744 347 1
1484 34 651 0
553 442 1087 0
63 890 9919 1
878 951 1772 1
640 1202 7815 0
485 426 487 0
105 1292 1008 1
934 26 823 1
286 1090 225 1
1404 445 230 1
676 1459 423 0
218 499 697 0
358 633 1171 1
199 13 1338 1
114 254 119 0
252 292 129 0
1278 986 8446 0
610 352 59 0
1282 1075 4084 0
348 287 559 1
1008 1472 888 1
781 1241 168 1
624 1390 741 1
9 1364 8082 0
328 794 6134 1
1054 123 102 0
1325 1156 136 0
612 848 744 0
779 60 3226 1
673 1333 9791 1
196 1286 5777 1
717 1442 1397 1
1116 705 494 0
1145 467 437 1
1011 398 9931 0
1385 755 271 1
172 814 707 0
584 738 983 1
824 957 1174 0
698 523 431 1
689 491 5155 1
386 927 51 1
356 187 718 1
592 221 468 0
238 522 1313 0
1410 4 3693 0
382 1196 951 1
133 363 1940 0
26 1134 386 0
444 542 1027 1
756 134 7888 1
1450 1027 3516 1
314 138 9419 1
707 1050 1411 0
413 261 2995 1
1206 418 1139 1
1062 1483 1164 1
345 1095 1007 1
820 313 494 1
646 1106 609 1
496 1366 99 1
93 795 1147 1
1065 89 528 0
335 87 493 1
323 125 1201 0
359 314 116 0
755 671 1009 0
1075 1438 531 0
768 664 76 0
561 1170 1193 1
1198 1393 778 0
1476 126 1960 0
1329 1312 768 1
922 664 2629 1
483 1061 635 0
951 129 842 1
1048 479 7565 1
800 19 6737 1
1164 594 1087 1
276 552 3019 1
632 375 891 0
1359 1254 531 1
744 689 1367 1
554 638 6292 1
896 1225 1264 1
1168 361 1197 1
457 959 2109 0
1424 470 4337 1
673 1465 6787 1
512 1026 3172 1
1231 715 5206 0
568 112 742 0
111 404 957 0
1173 1410 846 0
462 943 251 1
690 1167 54 0
978 1435 1200 1
438 665 742 1
1341 251 788 0
754 1341 8344 0
489 999 7788 0
206 1062 1178 0
263 1101 1572 0
1426 931 9537 0
828 984 3542 0
922 1039 4623 1
1313 830 8810 1
1486 580 1118 0
400 179 29 0
719 341 8408 0
248 483 6827 0
447 963 1721 1
580 945 559 0
1179 918 1139 0
527 245 492 0
1122 1220 2252 0
1325 282 1152 0
706 1428 810 1
623 636 124 0
117 1318 1289 1
459 1096 1205 0
271 649 450 1
390 174 542 1
757 1016 1112 0
1020 883 9047 0
1478 818 605 0
435 991 163 1
1251 1381 943 1
647 244 667 1
40 344 1414 1
1065 574 9646 1
845 903 712 1
1385 75 486 0
1042 1065 1048 0
818 212 624 0
1298 822 1324 0
681 899 1084 1
248 1406 104 0
1209 442 27 1
1387 624 8814 1
778 150 96 0
1364 795 835 0
350 29 1151 0
159 417 379 0
85 828 9618 0
902 586 4545 0
1339 1086 679 1
955 141 999 1
953 1241 855 1
1215 878 6456 1
1481 653 1 0
883 22 9131 0
807 88 429 0
1186 877 1133 0
1310 168 288 0
1072 279 4257 1
1377 563 4323 1
615 1248 994 1
1117 482 6 0
483 219 329 1
761 1020 5608 1
703 436 819 0
880 1261 1480 0
536 665 4261 1
10 884 926 0
325 655 822 0
782 1125 294 0
1363 1103 8754 1
1143 183 574 0
308 1498 8269 0
1014 390 1387 0
546 187 1457 0
266 299 6077 1
1429 334 900 1
42 1247 1060 1
755 868 31 1
18 1429 6232 1
319 694 266 0
169 664 877 1
1477 879 928 1
1331 314 806 1
774 507 2796 1
238 1026 569 1
1077 208 9 1
1137 81 3184 0
1266 485 8835 1
672 815 1019 1
1132 1179 995 0
160 963 1294 1
1401 1044 334 0
883 1064 993 0
851 1199 668 1
844 960 1132 0
747 123 1070 1
738 710 1183 1
1207 976 117 1
1032 1005 5312 0
273 290 1232 0
20 836 844 0
336 1097 1223 1
2 520 258 1
977 523 1454 1
740 498 403 0
1396 396 289 1
189 903 847 0
1114 310 2 0
280 114 703 0
220 117 977 0
254 601 4693 1
1322 43 8526 0
962 262 1179 0
622 76 5810 1
669 427 3626 0
1088 1385 33 1
41 216 864 1
1029 116 1416 1
368 1151 7383 0
809 853 193 1
1270 1342 1130 0
1238 675 6501 1
889 214 133 1
721 298 329 1
102 284 1065 0
1143 1435 755 1
1209 601 160 1
1023 157 750 1
516 1002 7481 1
1409 1325 440 1
31 574 270 0
1274 50 660 0
1170 14 604 1
550 317 1292 0
1040 1336 1275 1
761 511 132 1
1149 1289 607 1
113 1073 2989 1
892 8 3700 1
171 127 747 0
1333 1326 9489 0
351 1392 7712 0
137 139 4743 1
837 224 1037 1
918 142 2027 1
953 259 7021 1
281 343 311 1
859 499 1356 0
101 40 1092 0
1098 1255 3548 1
1268 844 1400 0
1291 125 504 0
1267 193 457 0
333 522 774 1
863 1344 280 1
399 688 1379 0
166 386 805 1
1488 1303 426 1
773 803 9249 1
599 28 2756 1
546 173 8531 1
1231 885 618 0
712 495 7989 0
1310 1155 1185 0
796 500 2183 1
56 574 597 0
52 1377 3222 0
688 1449 353 0
454 375 789 1
566 767 1440 0
1286 1184 1373 1
478 504 1169 1
843 1315 878 1
1360 43 987 1
473 1400 322 0
1331 39 736 1
564 445 1458 0
549 1435 734 0
960 1351 5760 0
760 939 288 0
1403 92 91 1
321 721 8604 1
255 9 5110 1
271 1389 845 0
1032 1045 43 1
1182 994 805 0
152 632 8072 0
464 1080 710 1
191 198 7709 0
1120 672 821 0
390 1020 558 1
1426 538 956 1
751 179 2008 1
858 1005 5032 1
414 1217 912 1
938 1065 959 0
953 411 1464 1
204 909 1234 1
1480 420 937 0
1296 746 1418 1
754 908 3145 1
1333 1206 559 1
3 1185 1263 0
1382 689 8242 0
1436 45 6373 1
780 515 1016 0
172 897 697 0
682 404 852 1
439 315 5146 1
63 468 182 0
822 203 147 0
1496 811 1158 1
4 1482 307 1
1421 1368 713 1
308 740 919 0
841 740 6489 0
224 338 9366 0
588 1417 1395 0
900 580 556 0
658 801 776 0
259 251 998 1
218 989 2979 1
539 868 9477 1
616 277 1370 1
1372 527 1230 1
36 880 9416 0
633 488 467 1
786 75 435 1
1369 163 37 0
554 486 9142 1
270 665 610 1
1310 306 568 1
1163 828 1071 1
454 644 1482 1
1101 112 761 0
82 383 6838 0
1 530 9732 1
886 821 447 0
1198 780 0 1
210 1069 6109 1
1074 1271 344 1
1351 991 8896 1
1234 1392 52 1
337 206 901 1
1167 501 1170 0
671 921 1938 1
82 564 225 0
198 924 1312 0
696 935 725 0
1161 1224 1044 1
145 143 675 1
363 1003 9503 0
939 1321 1223 0
1359 1332 590 1
1223 422 171 1
195 602 393 0
1347 839 1567 0
1449 345 88 0
1192 423 786 0
298 897 35 1
887 447 7237 0
476 1208 1479 1
1096 780 860 1
333 377 679 1
708 387 1656 0
554 119 214 0
373 801 439 1
1155 1181 358 1
10 619 158 1
550 555 837 0
865 718 1211 1
772 21 413 0
660 724 4781 0
231 1283 5173 1
752 21 819 0
333 1391 505 1
798 253 1007 1
49 1471 1014 0
43 45 1744 1
746 911 1408 1
213 640 167 1
93 490 511 0
117 1262 767 0
735 914 1480 0
291 608 1275 1
594 1254 6930 0
243 649 1305 1
11 214 425 0
643 143 504 1
381 753 1417 0
977 138 1265 0
486 1412 373 1
597 21 8623 1
1264 881 309 1
1471 530 1096 0
427 393 138 0
166 244 880 1
1051 1048 9339 1
772 141 457 1
308 1058 2016 0
433 650 744 1
911 162 493 1
887 1360 362 1
1233 148 1053 1
1006 413 3293 0
657 1406 1367 0
1263 199 1385 1
364 284 1215 1
114 1101 794 0
1260 1131 1755 0
794 953 6478 1
1206 1422 1412 0
656 96 63 0
646 1037 277 0
972 1033 526 1
1106 363 715 1
789 232 351 0
414 883 517 0
618 110 9417 1
92 1186 932 0
945 691 141 1
491 481 303 0
907 506 209 0
855 1446 1352 1
1368 801 9916 1
961 712 6574 1
309 701 174 1
423 78 1312 0
432 950 4802 1
990 492 833 1
182 896 1083 1
1185 416 423 1
504 399 8367 0
877 363 7681 1
777 733 1037 1
21 1424 6468 0
852 265 7089 0
305 225 1405 0
1484 359 1277 1
677 386 7795 0
1222 502 707 0
24 212 1322 0
1145 12 8113 1
1192 573 39 0
1361 467 271 0
224 926 1191 1
1148 890 8866 0
398 849 1990 0
227 233 54 1
1180 1045 13 1
525 876 5986 1
277 1171 1462 1
677 332 7507 0
1290 287 380 0
1345 348 850 0
139 1267 4590 1
1022 75 505 1
1100 786 243 0
985 1115 3033 0
542 467 1171 0
88 418 411 0
392 661 149 1
1384 1356 9765 0
581 833 692 0
314 644 1435 1
0 259 445 1
1275 256 3881 0
940 309 122 0
554 965 2694 1
1275 119 1268 1
290 1259 650 0
609 284 282 1
545 1084 1382 1
410 419 3674 0
1243 349 9147 1
85 1032 1162 0
973 653 750 0
920 1234 234 0
587 82 295 0
1451 1099 4028 0
801 914 1024 0
1361 59 56 0
1429 297 1307 1
789 425 9293 1
76 75 959 0
1086 807 1424 0
1276 69 851 1
408 1006 8464 0
1394 1148 1223 1
323 1208 918 0
1000 780 8889 1
1425 25 1446 0
1373 1455 775 1
188 917 4764 0
545 179 367 1
123 898 984 0
385 400 68 1
967 913 6060 0
538 231 1217 0
1182 1387 640 0
539 712 628 0
872 1032 1117 1
823 43 1466 0
298 105 2154 1
1330 1439 1193 1
1003 863 1056 1
1012 1159 1451 1
218 117 1409 0
1425 227 188 0
137 1497 1342 1
1045 512 156 1
1147 257 584 0
318 1107 174 0
1431 1482 1134 0
759 112 5678 1
68 5 1022 0
1111 318 352 0
123 359 1863 0
502 1234 3479 1
1027 381 4319 1
38 1151 413 0
431 1489 680 1
944 1231 6844 1
247 1189 8465 1
1407 1091 1213 1
991 1056 1357 1
36 458 708 0
54 1381 572 0
769 225 998 1
470 1414 43 0
278 1282 1398 1
1355 1081 710 1
911 1473 6592 1
1022 301 147 1
1318 673 1308 0
322 286 3165 1
197 98 391 0
169 150 7184 1
198 592 748 0
900 1066 131 0
1443 1457 1039 0
1131 878 929 1
70 51 112 1
390 133 925 1
1182 973 227 0
75 305 3248 0
1026 847 984 1
1000 1411 808 0
623 1274 329 0
98 163 881 0
1256 1265 516 1
1405 834 1460 0
116 870 3379 0
1370 234 376 0
692 1415 401 1
1340 1437 5077 0
1005 1357 493 1
993 82 1350 1
126 1042 482 1
1220 1341 417 1
608 468 996 1
708 510 2042 1
783 983 846 0
694 429 78 0
622 288 1182 0
1483 259 770 0
911 56 627 1
776 1451 7115 1
837 1352 7980 1
302 251 3315 0
1127 194 1053 0
1440 599 520 0
623 388 1291 1
927 1233 1470 1
1424 774 1306 0
878 735 555 1
716 1368 1023 0
320 888 439 0
1288 321 453 0
114 944 1858 0
621 887 9503 0
291 846 8175 0
1449 776 7421 1
752 306 1032 0
1352 1055 6795 1
1189 824 146 1
1479 1080 26 1
663 765 528 0
146 179 66 1
1383 893 1208 0
1267 872 6316 0
1039 957 1039 1
716 985 398 0
160 350 188 0
354 1041 1309 0
215 294 144 0
37 309 1112 0
793 1426 340 1
700 1115 582 0
464 461 1090 0
134 83 2368 1
1219 285 0 0
183 685 680 0
892 1303 581 1
147 908 225 0
408 569 1247 0
1262 1267 1303 1
1273 1013 440 0
971 555 1456 1
760 1014 1477 0
936 83 2256 0
958 42 889 1
1096 89 1299 0
927 518 256 0
1149 1277 168 0
1090 1011 999 1
1418 20 99 1
709 1157 820 1
308 1387 961 0
1004 920 7932 0
393 472 377 1
435 531 1461 0
1165 1271 66 0
1076 1160 6344 1
854 1069 555 1
1045 353 649 0
797 1132 1273 0
34 716 1094 0
754 767 6735 1
428 759 376 1
612 651 26 1
1133 213 5442 0
1120 121 963 1
71 916 1617 0
382 893 952 1
1237 587 4419 1
1429 121 427 0
1412 416 9395 1
468 1070 419 0
789 1365 198 0
88 895 3855 1
1230 173 3344 1
695 286 8309 1
714 1179 1111 1
987 1148 1461 0
3 557 3042 1
250 477 1182 1
256 1008 166 1
782 500 4381 1
422 411 881 1
1096 141 184 0
594 331 143 0
659 198 2182 1
1097 562 9992 0
637 1327 1598 1
1457 1415 790 0
660 346 856 1
315 738 1084 0
172 663 4935 0
786 1318 1489 1
749 640 932 0
426 737 1401 0
680 364 4906 0
357 1040 532 0
4 459 1136 0
313 225 403 1
1366 1488 1227 0
1267 870 133 0
386 1053 2830 0
368 1065 3709 0
910 886 55 1
903 1044 1475 0
1459 805 1081 1
1009 426 1324 1
585 811 1056 0
227 222 1098 0
305 577 6129 1
1095 1404 576 1
1269 708 289 1
1002 786 94 0
875 1271 1072 0
524 70 382 1
1413 1034 798 0
1251 1159 1276 0
34 337 1466 0
446 96 387 1
1003 122 524 1
474 1375 463 1
596 513 1171 1
243 250 5843 0
1149 1139 9365 1
1433 71 4310 0
285 1368 481 1
1466 1143 869 1
1484 50 1333 0
222 1300 175 1
1011 2 4602 1
47 1401 635 0
820 638 1273 0
4 1359 404 0
443 179 1198 1
941 22 911 0
358 353 275 0
316 1256 601 0
1373 1116 6814 0
462 486 509 0
412 96 1991 0
1327 345 836 1
264 997 831 0
1266 799 1151 0
1463 612 5789 1
1011 619 5795 1
519 860 352 1
457 363 644 1
501 729 1136 0
76 671 701 1
1035 923 9202 0
1259 776 254 1
765 498 301 0
315 1427 806 0
911 221 494 1
1258 190 1038 0
65 385 1372 0
74 1290 9875 0
1282 552 275 1
231 551 1554 0
631 1226 1246 0
875 1481 3716 0
226 529 9369 0
766 719 236 1
802 1136 4669 0
501 276 1804 0
1237 1017 1161 1
135 56 2891 1
139 7 4607 1
604 1186 13 1
255 388 1462 0
146 269 5704 0
686 580 8000 0
23 156 1428 1
292 1393 555 1
121 1154 1244 1
1042 229 1320 0
1054 1336 9451 1
25 455 358 0
691 1492 91 1
981 337 3060 1
979 847 7951 1
347 1055 828 1
878 1373 1003 0
217 73 945 1
1119 280 9117 0
452 1432 1019 0
1333 697 381 1
412 844 2007 1
1199 84 82 1
1206 1146 6641 0
1324 786 2171 0
1379 566 46 0
169 677 599 1
638 1438 124 0
123 993 606 0
336 677 813 0
670 217 7600 1
1026 664 1815 0
794 1443 3035 1
1401 911 315 0
467 13 5805 1
575 688 573 0
70 99 1463 1
593 947 1142 0
10 176 1492 1
1382 509 1303 0
117 809 542 1
824 1480 374 1
122 1314 6538 0
1100 781 9775 0
1451 590 5053 1
1316 699 287 1
931 672 451 1
1011 207 534 0
525 1132 5798 1
1251 941 193 1
606 1491 1276 1
34 359 932 0
1192 562 976 0
248 786 646 0
1012 938 1023 0
1250 504 2813 1
1017 1445 99 1
1257 351 82 0
1425 277 1750 0
717 448 1366 0
896 45 8 0
934 1153 4103 1
867 1342 1464 0
1344 702 167 0
351 1297 1831 0
79 557 774 1
556 1006 450 0
1321 571 612 0
237 540 1272 0
1027 54 512 0
1055 12 6741 0
1159 719 2456 0
45 406 601 0
787 292 104 0
14 1402 1036 1
756 1358 48 0
669 1436 558 1
748 1374 1159 1
865 809 1073 0
679 158 433 0
1429 247 1010 0
1258 756 2766 1
766 1491 4617 0
74 213 62 1
536 689 530 0
128 666 579 1
718 631 325 0
36 582 1259 1
482 1187 854 0
614 955 7007 0
876 1496 708 0
113 959 1160 0
473 767 25 0
36 1040 915 0
1242 530 250 1
493 1055 1377 1
451 1304 8761 0
309 874 7006 0
748 99 791 0
179 268 1133 1
309 472 7864 1
1175 744 1200 1
781 544 1077 1
806 1197 8273 0
499 224 7541 0
749 500 1477 1
1079 1075 871 1
1397 714 1204 1
1247 308 227 1
650 188 333 1
986 697 103 0
878 465 719 0
1440 993 598 1
582 662 679 1
588 1434 6019 1
425 1166 493 1
1388 1482 933 0
1227 287 1381 0
863 554 982 0
404 1338 8617 1
1309 1057 596 0
1302 880 1006 0
687 362 3793 0
9 1359 1299 1
45 53 1048 1
851 1492 9033 1
1081 1164 3921 1
996 83 623 1
1490 631 6477 0
680 1341 2616 1
502 926 589 0
850 879 767 0
17 15 587 0
604 385 773 1
1130 977 1046 1
766 1341 650 0
1264 813 140 0
1120 559 1182 0
1382 1128 1166 1
199 909 795 1
566 372 5658 1
600 300 572 0
837 1100 923 1
719 838 1244 1
201 1185 5114 1
390 361 913 0
292 706 3262 1
226 1208 6444 1
602 1098 672 0
267 278 9348 0
204 196 1299 0
227 119 1026 0
786 683 2964 1
1162 266 1346 1
913 736 1077 1
574 458 6127 1
1277 22 1079 1
638 1038 4161 1
778 642 218 1
1028 872 895 0
958 1286 1200 0
723 358 4618 0
1010 552 887 0
382 325 7943 1
1345 250 375 1
804 385 349 1
693 1395 4299 0
1479 1243 273 0
488 1439 6 0
537 964 412 1
504 497 1374 0
226 1432 135 0
797 1187 379 0
1043 492 852 1
1227 374 502 0
1277 949 976 1
1395 642 8466 1
34 1433 986 1
1287 525 9122 1
697 1055 1128 1
1268 1264 1279 0
43 715 1381 0
1048 355 1271 0
1 1445 1480 1
1447 1353 2430 1
527 323 3586 1
1096 625 54 1
1462 1075 2194 1
23 1274 9986 1
367 308 1178 0
735 138 9426 1
199 654 1178 1
1135 653 1234 1
637 482 1391 1
1379 210 579 1
1227 11 1107 0
513 1440 172 1
751 928 7076 0
1310 806 409 1
1463 5 1400 0
195 389 598 1
589 1004 1323 0
1445 527 6670 0
632 1214 6492 1
1303 509 2538 0
1331 641 958 0
849 1403 338 1
1478 61 1024 0
554 1114 1310 0
61 623 1487 1
999 139 7748 0
1122 211 277 0
486 384 6764 1
89 524 570 0
1036 988 1020 0
122 949 972 0
370 1249 551 1
1357 170 650 1
616 1068 365 1
563 772 1292 0
738 1371 9791 1
912 546 267 1
287 1079 1377 1
1218 1329 445 1
958 1342 595 0
373 1125 7898 0
1117 1453 1419 1
767 394 1090 0
531 303 238 1
1417 726 6083 1
119 327 1036 0
1332 890 106 0
432 855 629 0
1149 1007 7258 1
1382 233 6059 1
632 313 1099 0
788 181 1054 0
1441 188 1110 0
1441 663 4968 0
712 217 1485 0
1394 61 2079 0
967 42 2051 0
1120 1121 5622 1
836 78 1047 1
247 1322 1365 1
882 1234 8211 1
1299 357 567 0
816 863 6358 0
545 528 6540 1
817 1187 404 0
1420 416 432 0
1062 772 831 0
765 249 1180 1
147 1268 9866 0
668 227 3504 0
811 855 248 1
818 621 9731 0
45 899 65 0
1065 1218 330 1
537 223 506 0
1175 1343 937 0
866 1021 1121 1
792 1249 9510 1
671 697 4323 0
1059 1425 123 0
156 379 1447 0
221 664 728 1
541 724 2403 1
605 1327 1045 0
213 114 443 0
1298 895 468 0
86 22 9142 0
1116 1477 491 0
1166 1284 9686 1
652 456 2482 0
1150 56 6902 1
185 579 1210 1
1462 1410 956 0
985 285 7184 1
1045 1449 794 1
1016 641 1183 1
403 1373 495 1
1181 1112 87 0
105 730 729 1
1144 280 315 1
691 1260 9647 1
404 609 1360 1
856 96 468 1
671 372 5224 0
333 1058 764 1
304 252 832 1
1259 1376 152 1
1388 862 55 0
278 979 1109 0
992 1134 815 1
963 1161 232 1
1110 569 1801 1
657 41 689 1
120 1004 1188 1
320 299 1063 0
1331 1340 9185 0
367 217 1474 0
935 768 156 0
247 1111 1397 1
1390 1154 8018 1
117 1334 8538 0
1150 776 53 1
353 507 1324 1
453 209 1488 0
560 734 0 1
254 224 1227 1
92 613 4622 1
249 514 1145 0
926 373 234 0
1122 1245 1174 0
1157 996 1400 0
428 335 1648 0
281 546 456 1
1121 508 264 0
456 101 409 1
85 150 7458 1
161 80 4510 1
926 1136 208 0
215 812 676 1
412 758 690 0
1457 309 3024 0
1017 695 263 0
44 819 3803 0
1156 345 1220 1
123 312 279 1
809 63 196 0
422 808 178 1
441 1061 1076 1
1233 218 1321 1
1366 869 6014 0
91 547 6134 0
1468 1095 7338 0
296 1180 815 1
1007 299 3705 0
1492 400 388 1
1463 918 959 1
1217 1377 6877 0
665 667 239 1
1310 610 192 1
1476 40 362 0
1201 1222 413 0
577 234 2290 1
995 558 1434 0
1348 1132 8529 0
896 4 1013 0
932 348 371 0
467 526 933 0
867 925 1287 0
1468 311 2949 1
322 971 2847 0
258 975 882 1
108 244 10 0
670 688 9801 1
244 234 3482 0
95 1002 1125 0
291 509 289 0
453 850 634 0
120 1359 9832 0
132 534 3198 0
1091 322 155 1
763 1396 1083 0
142 1233 66 0
709 269 8987 0
321 106 187 1
986 749 167 1
1058 619 748 0
823 1447 264 0
1200 1213 946 0
655 1265 7670 1
754 673 6927 1
1253 582 731 1
1117 670 3182 1
1432 1048 170 0
1453 300 5256 0
594 519 3078 0
880 1379 5972 1
576 1098 303 0
1052 1324 350 0
584 336 8820 1
1077 979 1145 1
1140 1255 394 1
752 424 491 0
335 1124 469 0
646 1089 4057 1
533 628 979 1
1060 862 58 0
916 1040 1295 1
1258 701 632 0
1376 540 1351 0
1065 449 1161 1
1067 86 4852 0
1371 588 1340 0
1271 1127 721 1
699 1416 391 0
1245 494 217 0
1097 821 1283 0
825 1 750 0
864 533 1053 0
279 1454 1299 0
713 1083 787 1
730 929 1084 1
171 937 1031 0
330 78 374 0
611 825 635 0
1064 1036 4499 1
173 988 2356 0
1120 1252 409 0
901 1433 6389 0
809 1481 653 0
63 607 547 0
1038 29 4843 1
897 725 257 1
94 920 1244 1
788 276 572 1
1405 1026 2330 1
1361 467 1756 1
357 1023 8737 0
1463 182 885 0
1416 862 9701 1
1057 431 283 1
1290 999 8877 1
1000 1324 1921 0
69 1020 401 1
33 142 6619 1
767 185 1446 1
1007 1399 4292 1
680 1285 680 1
1241 924 935 0
407 1406 980 1
905 394 592 1
545 245 9515 1
496 771 152 0
750 61 134 0
482 1321 6068 0
1251 112 111 0
242 813 1324 1
368 43 6613 0
1003 1421 1333 0
538 356 1447 0
1315 1395 1317 0
753 679 9651 0
134 1058 1123 1
1458 1440 170 1
1325 1296 641 1
1305 816 8284 0
798 1263 1947 1
437 955 1347 1
1230 1004 8731 0
754 881 471 1
1351 618 7849 0
900 758 234 1
753 502 702 0
1272 763 902 0
1126 20 190 1
1158 311 9127 0
104 165 864 1
456 671 4021 1
774 1091 8653 0
539 335 5541 1
722 1401 754 0
397 332 257 1
599 629 8299 1
16 1496 1070 0
1380 1014 2221 0
386 1182 974 0
1329 1425 2402 0
137 476 5899 1
220 1188 459 0
1251 880 465 1
672 1012 369 0
534 1097 841 0
1269 1275 141 1
916 1363 543 1
1322 623 9142 1
367 1019 675 1
801 909 779 1
1034 253 135 1
836 1001 982 1
861 356 7831 1
1431 1147 8315 0
1064 1203 2846 1
506 1297 956 0
1323 1155 204 1
1366 425 450 0
1253 1426 7125 0
1295 396 4337 1
1052 960 9083 1
954 773 3383 0
439 826 1356 0
680 262 7860 0
1418 362 6638 0
1122 1378 467 1
781 1268 235 1
390 1195 284 1
1199 1265 234 0
1378 248 699 0
1174 1034 1144 1
748 1326 786 0
1229 580 176 0
1264 598 9330 1
707 867 1259 0
426 625 432 1
1256 972 272 0
1066 1340 1900 0
344 1097 715 0
837 479 939 1
363 1383 1059 0
461 67 8027 0
1064 232 1039 1
667 207 8811 0
196 1206 6144 1
1274 569 183 1
1222 1084 6255 0
545 189 1003 1
657 396 1406 1
946 1297 4992 0
1092 1326 1115 0
241 1117 956 0
452 849 1002 0
390 1409 2089 1
472 1062 667 1
351 929 912 0
888 771 1350 0
1376 1371 526 1
736 1190 95 1
82 1165 1056 0
649 547 940 1
309 1171 1115 1
1407 356 2678 0
1392 802 508 0
1035 568 943 1
132 1148 2791 1
297 1260 5482 0
436 301 113 1
1279 548 383 0
755 1356 87 1
413 54 1342 1
661 1033 995 0
432 39 1204 0
1373 307 7590 0
103 993 536 1
558 56 1394 0
734 709 1168 1
519 202 1110 1
423 981 1480 1
1486 772 135 1
754 849 4200 1
451 33 1104 1
1004 1065 4278 1
887 26 177 1
100 1002 1456 0
1317 793 210 0
760 688 1047 0
1492 1255 400 0
923 89 506 0
955 1494 4460 0
1428 84 2545 0
1472 120 126 1
608 1489 115 1
569 485 726 0
612 938 6417 0
87 387 972 1
1143 71 1093 1
807 1309 1037 0
911 1003 8273 0
394 526 367 0
961 445 6560 0
1213 1024 3147 1
114 231 6560 0
1393 957 222 1
80 1290 728 0
277 401 7941 0
1233 1194 959 0
495 585 581 1
951 856 744 0
1144 1301 54 1
1017 1157 4247 0
892 1439 1044 1
402 218 78 0
559 543 2713 0
1350 15 482 1
271 484 1127 1
452 460 99 0
687 1025 1182 0
859 122 183 0
1415 1372 9176 1
847 162 412 1
1053 244 1045 1
468 1278 503 1
486 113 4354 1
864 437 358 1
153 853 183 1
872 1268 358 1
425 233 785 1
391 146 4321 0
830 800 243 1
666 653 121 1
347 1165 655 1
905 279 235 0
912 296 1 1
556 311 4654 0
852 1476 119 1
1168 1381 376 1
407 1114 8963 0
1413 1440 253 0
776 178 6070 0
427 219 5744 1
212 1065 151 1
1449 706 796 0
303 496 1109 0
859 1461 1757 1
925 1422 3098 1
264 1411 7382 0
533 1257 1261 1
1110 165 805 0
1025 343 9671 0
850 410 849 0
1238 1143 4047 1
909 1474 5531 1
695 975 5361 0
986 1253 877 1
1061 1007 467 0
428 158 750 0
978 815 4900 0
515 16 6317 0
805 1226 663 1
69 31 1959 0
284 913 836 1
40 471 1443 0
1292 798 1041 0
1341 975 4183 0
263 56 5852 1
99 263 5812 0
1323 712 661 1
617 1211 1228 1
1121 820 425 0
928 326 1610 1
1355 1488 9356 1
53 786 933 0
159 1412 9737 1
15 1175 2528 1
970 476 123 0
1004 396 443 1
854 1362 7160 0
1292 629 7628 0
230 315 1483 1
1381 1450 772 0
258 625 5163 0
217 279 807 1
1337 185 127 0
1446 1411 514 1
914 531 64 1
104 998 952 1
116 32 9021 1
66 1451 843 1
772 1181 1117 0
838 7 147 1
320 489 980 1
863 135 298 0
313 808 850 1
172 1048 336 1
79 124 9055 0
559 1378 1259 1
993 1378 214 1
815 867 649 0
270 503 700 1
364 30 6461 1
791 1211 142 0
967 1233 136 0
1249 9 1274 0
1154 1465 1328 0
1090 488 211 1
73 1190 70 0
664 759 1177 1
963 1086 3700 0
862 1479 9048 0
977 1355 144 1
353 1374 965 0
1203 1461 335 1
1259 753 389 1
1228 472 323 1
745 350 9884 1
962 60 1139 1
268 947 980 0
476 301 8746 0
17 1192 8501 1
88 1027 946 1
1236 418 5025 1
375 1018 2463 0
90 1186 811 1
283 954 22 0
783 103 809 1
1454 1096 617 1
306 477 1173 1
1002 1459 591 1
1003 835 1183 1
494 1310 8953 1
569 1219 1029 0
326 855 2259 1
1383 474 212 0
1286 122 630 0
1305 315 1407 0
679 1248 476 0
429 1489 40 0
1011 846 374 1
1151 1081 8527 0
1286 1408 650 1
1170 627 190 0
453 1134 5183 0
1439 824 631 1
1038 347 262 1
455 483 1450 1
989 201 1051 0
817 935 1254 0
1271 706 180 1
1265 1324 221 1
835 1168 3911 0
35 723 1012 1
1233 617 2887 0
328 33 682 0
191 5 1483 0
490 307 1394 0
1245 1215 615 1
307 1090 9403 0
841 667 606 1
642 138 6100 0
1303 1424 1368 1
619 1265 5518 1
673 805 952 0
839 45 1465 0
516 153 8195 1
235 830 372 1
1170 788 966 1
869 667 1126 0
1402 187 9835 0
1133 1444 5 1
820 531 3875 0
413 590 414 0
208 5 1416 0
1439 1473 6339 0
1285 62 1389 1
162 71 3506 1
1375 636 806 0
554 1099 1474 1
1101 1052 759 1
1244 1156 4479 1
606 292 751 1
236 671 470 0
1078 908 395 0
1156 252 1079 0
295 688 231 1
929 868 754 1
1319 1485 288 1
1475 645 557 1
906 979 9272 1
857 653 1186 1
634 732 858 0
888 396 831 1
831 1112 1246 1
770 88 1272 0
620 1103 8231 0
1484 1245 776 0
623 1380 4052 1
923 542 1478 1
171 1047 324 0
145 2 8789 0
1440 282 1050 0
1489 1411 1170 1
1055 372 578 1
354 1116 74 1
822 768 284 0
384 145 825 0
1272 321 154 1
3 1334 88 1
530 584 3169 0
1327 414 1381 0
1137 1255 5719 0
1180 1081 7514 0
1381 1334 5583 0
1114 906 878 0
481 111 3868 0
1465 899 208 0
1248 1098 1121 1
451 24 8406 0
311 522 837 0
336 690 791 0
208 1137 278 0
723 165 957 0
1008 1319 117 0
977 1179 9028 0
1019 67 1082 0
512 999 999 1
1484 626 1468 0
623 1301 467 1
548 927 8970 1
667 344 29 0
1039 1149 4964 0
1015 574 1399 0
329 1003 255 0
40 120 7023 0
1147 74 539 0
1311 176 689 0
1192 405 8343 1
1165 985 1455 1
628 781 6695 0
129 721 1318 1
539 96 838 0
1210 1386 52 1
1190 94 1170 1
785 683 1410 1
362 277 35 0
756 915 966 1
558 921 1180 1
991 1456 3208 0
210 1334 95 1
160 1450 197 1
382 1289 9915 1
238 1324 299 1
314 1049 752 1
574 1063 5117 0
444 88 1174 1
597 5 497 1
1125 1091 7690 1
1446 38 192 0
116 674 326 0
810 107 5467 0
771 804 665 0
1007 1491 858 0
138 1341 5356 1
867 1128 205 0
407 1287 3406 1
1464 612 339 1
1488 1119 4340 1
808 607 6190 1
792 1256 472 0
408 908 2444 0
656 483 6109 0
1460 1438 500 1
1469 299 7917 1
405 506 799 0
669 1320 1340 1
495 336 1077 0
436 753 50 1
743 251 6690 0
56 1391 615 1
166 346 204 0
1339 529 444 0
1086 1442 156 0
359 1131 8590 1
1380 369 474 0
603 1133 799 1
740 670 1224 1
570 1443 391 0
762 462 577 0
953 1318 184 1
995 1484 103 1
513 1320 573 1
279 696 2884 0
321 371 8498 0
1234 439 817 0
277 1287 741 0
181 350 858 0
790 788 1003 1
860 21 3543 0
90 158 9524 0
1485 1191 3939 0
1402 1012 1052 1
308 618 3348 0
84 1286 8838 1
452 1217 1080 0
548 806 9041 1
14 776 753 0
97 1433 222 1
783 279 4837 0
6 197 280 0
1260 999 862 1
359 794 1544 0
138 77 8778 1
478 1023 694 0
1371 275 8968 0
1115 1018 312 1
241 71 780 1
396 478 127 1
918 571 1079 0
1428 1394 233 1
933 1284 745 1
1487 1323 238 1
871 793 4853 1
334 714 5756 1
301 387 177 0
65 1123 5403 0
996 769 4878 1
77 59 4081 0
634 547 1398 1
644 409 5297 1
873 403 1307 0
865 354 1257 1
1192 246 1069 0
597 1214 452 0
592 1063 2349 0
521 46 1465 1
868 1324 259 1
1374 1186 317 0
1055 106 16 1
1126 574 5865 1
379 538 318 1
282 471 3193 0
225 209 1134 0
268 794 87 1
1458 969 4744 0
23 353 753 1
266 405 763 1
160 724 3223 0
1405 1298 918 1
6 920 442 1
286 407 985 1
356 530 1766 0
1214 1281 2039 0
1191 1152 6141 1
564 543 602 0
12 1097 5880 1
119 397 82 1
855 495 756 0
627 1136 7710 0
602 259 1022 1
627 502 6561 1
891 1444 1086 1
1221 829 615 0
942 822 5267 1
1252 56 1147 0
170 34 47 0
6 1101 962 0
404 354 7752 0
893 1231 4506 1
172 761 4952 0
763 914 889 0
923 577 407 1
248 1101 1304 0
93 613 617 0
41 272 2600 1
1315 1080 1435 0
1194 419 5371 1
1308 968 783 0
83 780 1079 1
1491 973 1412 1
1284 14 4347 0
64 1149 2498 1
834 449 1142 1
377 1301 799 0
596 579 6350 1
751 171 932 0
688 1059 6385 0
1375 860 1268 0
690 1283 26 1
108 786 7609 0
786 553 9126 1
1340 667 354 0
715 1357 115 1
1423 1118 6587 0
1290 784 797 1
442 1089 1203 0
988 1453 714 0
859 424 7838 1
1208 1307 294 1
1477 229 1397 0
960 404 1136 0
783 376 408 1
139 1407 4804 0
1360 710 847 0
1082 315 1441 0
548 796 1325 0
1420 856 1128 1
246 37 858 1
839 569 7627 0
1237 781 4117 1
517 209 921 0
1223 568 323 1
451 1239 8283 1
1473 1267 1162 1
964 9 1255 0
725 1494 1372 1
1363 338 1341 0
464 40 603 1
935 494 6109 1
928 1225 1349 1
483 43 348 0
337 1282 492 0
1054 837 9299 0
538 142 266 0
1301 787 998 1
718 527 496 0
683 819 149 1
1243 1299 1885 1
554 814 1334 1
330 334 3049 1
642 232 870 1
485 740 5112 0
951 1306 252 1
18 83 3076 1
828 222 5210 0
1257 1424 750 0
1184 453 8752 0
470 1131 4102 1
1163 267 1111 1
1140 453 174 1
275 638 1362 0
1473 1054 1704 0
1204 638 9350 1
704 341 5294 1
80 232 775 0
1031 1424 1062 0
210 22 5931 1
8 249 472 0
163 834 1104 1
1399 1383 4208 1
1368 716 1407 1
1181 472 1140 1
1376 38 1102 1
949 226 5680 0
688 339 860 0
1208 357 810 1
1155 734 743 1
295 1356 9175 0
1289 1257 762 1
652 12 9222 1
1279 327 3477 1
1399 309 1447 1
1497 588 1906 1
1014 1100 1204 1
776 1492 1120 1
822 1376 1388 1
1270 113 1093 1
1467 155 5936 1
1429 574 1199 1
805 1089 177 0
935 149 3715 0
644 612 1443 1
1301 984 1366 1
602 1299 4881 0
795 1268 5658 1
439 301 534 1
1149 264 1237 0
879 204 366 1
24 896 983 0
456 91 1186 0
1490 418 665 0
315 1382 1012 1
289 816 1390 1
526 472 798 1
807 141 1233 0
775 895 476 0
858 1399 437 1
1366 981 1787 0
996 884 1434 1
435 53 519 1
1238 814 255 0
565 482 1219 0
1170 89 2527 1
1261 1012 369 1
219 1427 7679 1
28 703 133 1
911 261 1043 0
1079 399 111 0
1437 478 4269 0
118 1492 5294 0
337 812 1405 1
428 1135 1075 0
1164 941 4508 0
1320 496 605 0
782 60 197 1
1468 836 257 0
79 813 1246 0
1159 525 804 0
626 956 1474 1
146 1436 576 1
365 899 1475 1
1079 565 2900 1
72 398 490 0
900 951 1368 0
815 949 1012 1
943 604 532 0
1423 760 6927 1
1000 209 7441 1
630 608 2990 0
934 1326 875 0
824 492 7327 0
901 752 3552 0
1042 78 1023 0
1167 574 379 1
979 1041 1262 0
34 863 538 1
1299 587 1351 1
445 1492 844 1
234 293 1421 0
1287 288 1210 0
1128 405 844 1
266 656 6875 0
247 314 609 1
381 1428 926 0
141 1169 705 0
653 538 9149 1
46 954 1384 0
469 434 515 1
1164 59 88 1
876 1207 460 1
1225 1154 763 1
886 670 592 0
874 1024 1223 1
1452 81 199 1
695 22 298 0
196 241 7956 0
1134 156 1125 0
1487 138 206 0
245 1496 993 0
637 236 1331 1
920 1432 1343 0
548 1255 455 0
1054 607 491 1
847 1120 7313 1
1110 1338 4524 0
625 1009 1337 1
440 1386 452 1
1311 1040 63 0
393 1038 1088 0
953 420 61 0
481 105 108 0
848 1154 207 1
1142 1394 4477 0
350 194 483 1
428 1013 1 1
1400 445 1401 0
1023 1389 6383 1
1024 262 707 1
1081 947 856 0
1058 1266 4365 0
906 251 7758 1
810 117 1304 1
1343 975 4444 1
619 691 3019 0
820 482 1045 0
674 1418 1153 0
1486 176 681 1
470 1230 49 0
1248 976 311 0
1323 715 785 0
492 7 1475 1
386 740 10 0
1018 773 3438 1
1420 1498 1010 1
486 575 329 0
1229 426 119 0
756 1454 3060 1
763 560 3903 0
1361 1135 1131 0
534 653 469 0
1205 1078 669 0
147 250 190 0
471 361 216 1
566 1355 1129 1
1248 636 1300 1
1400 33 5690 1
179 1035 183 0
136 774 3419 1
901 172 340 0
560 1045 992 1
938 307 531 1
362 1118 439 0
95 648 2321 0
144 1307 309 1
1389 746 796 0
1203 842 2016 0
120 639 9342 1
469 1461 1274 1
738 853 3081 1
1433 552 180 1
131 1311 618 1
832 873 835 1
1367 728 337 1
680 1142 497 1
1380 975 1138 1
161 367 930 1
315 335 252 0
1407 661 43 0
178 211 8758 0
298 1483 1118 0
1188 447 961 1
666 358 1452 1
904 1479 1335 1
702 619 41 0
1121 186 592 1
1079 1134 1004 0
1028 1383 1312 0
257 416 547 0
254 26 221 1
574 659 1724 1
754 1236 1039 1
1083 1386 1436 0
401 784 368 1
1165 214 588 0
1084 279 1119 1
228 876 8748 1
1471 480 3273 0
1226 1292 4194 0
428 1439 844 0
30 1263 372 1
498 1362 7 1
1229 304 1070 0
1078 348 3899 1
1043 493 888 1
1073 708 2095 1
1259 38 1078 0
1118 268 413 0
661 1004 7337 0
1152 889 359 1
705 352 355 0
680 1161 4918 1
473 838 622 1
1277 290 422 1
875 573 24 0
1286 1204 1430 1
1491 42 54 0
894 201 9486 0
64 1168 2434 1
628 156 1429 0
1289 256 2272 0
300 182 415 0
564 638 677 0
836 209 769 1
1374 421 704 0
58 532 1292 0
332 361 585 0
166 147 975 1
421 1282 638 0
911 146 491 1
840 518 7082 0
241 651 586 0
1274 948 1237 1
142 897 116 1
358 1469 626 1
794 87 3933 1
73 804 1191 1
454 859 193 0
104 1023 1071 0
1135 1098 1416 1
936 935 204 1
283 939 1172 1
814 1427 5642 1
820 94 6947 1
312 487 1256 0
582 319 127 1
1239 703 1417 1
197 1264 1419 1
1134 783 3722 0
352 807 840 1
930 14 7742 0
1333 1003 1236 1
872 1162 2076 1
181 1193 197 0
107 930 1797 0
487 1214 801 0
1214 62 6370 0
656 711 1967 0
1084 790 31 1
1033 378 1053 1
106 839 55 1
1155 1187 7033 0
1489 141 880 0
1179 76 149 1
866 1165 8466 1
131 51 392 0
1365 338 9945 0
1295 1161 8145 1
149 521 8916 1
664 147 1068 1
661 1097 546 0
147 79 863 0
90 693 825 0
1341 536 529 1
1350 819 3354 1
813 1157 3411 1
1453 332 8166 0
17 586 5852 0
751 266 1472 1
689 1083 773 0
1122 643 7425 0
1121 1201 703 0
989 136 3542 1
893 384 1479 1
208 1419 3708 1
231 880 3298 0
1123 1432 436 0
393 37 769 0
506 1212 1363 0
16 303 127 1
836 827 1353 1
272 525 606 1
546 864 5123 1
487 704 1073 1
900 938 1145 1
1354 204 5066 1
937 318 882 0
1025 789 547 0
940 806 13 0
761 138 1348 0
1087 379 1144 0
604 706 1419 1
654 1424 1065 0
777 1322 177 0
303 1092 439 0
513 363 570 0
1106 375 1075 1
1079 1270 1373 1
579 551 112 0
615 1007 1077 1
1153 950 516 0
725 551 695 1
780 664 1459 0
417 1017 589 1
1114 916 189 1
568 1475 137 1
1144 351 4533 0
845 1335 9423 0
468 898 5611 1
1246 1018 6560 1
998 356 1287 0
1461 282 338 1
1259 939 1281 0
1222 11 1489 0
394 1062 237 1
206 1122 937 0
427 1382 1158 0
979 1190 7733 1
501 1143 2066 0
929 220 362 1
1437 461 597 0
1019 1101 366 0
419 409 1449 0
773 1110 1337 0
623 566 3317 1
1359 1057 910 0
1096 911 4473 1
1226 655 2384 0
113 1205 102 1
504 1228 5949 0
194 777 1381 1
256 1010 1148 1
1472 944 8761 1
1165 523 1384 0
1121 1126 427 1
636 599 8672 0
591 1315 964 0
996 599 4241 1
379 152 1311 1
1011 1381 7465 1
924 1009 206 0
1497 574 1490 1
1015 523 435 0
1358 16 5033 1
653 86 1243 0
507 936 5303 0
259 53 1035 1
699 553 1078 0
1045 480 4881 1
1209 1245 952 1
563 1218 5282 1
401 554 1102 0
46 587 2536 0
917 562 876 0
36 726 440 1
1258 102 3198 1
591 1134 826 0
381 952 5017 1
234 979 2878 0
679 573 9812 0
503 1079 207 0
123 1168 7324 1
703 709 1218 1
1383 909 817 0
528 1146 510 1
500 33 626 0
238 223 291 0
692 737 206 0
592 1145 6980 0
812 438 1462 1
132 777 1050 1
1037 142 257 0
388 989 3495 0
96 530 8718 1
389 128 781 1
572 737 606 1
338 1012 8185 1
319 1277 1473 1
607 1155 71 1
263 53 43 0
234 499 9919 0
1232 1017 5410 0
587 821 4757 1
309 1297 881 1
110 433 337 1
955 1199 4321 1
843 0 742 1
361 1431 993 0
867 1110 21 1
1050 1234 506 0
637 987 94 0
1385 398 185 0
146 1145 8546 1
1036 751 49 0
1109 388 155 1
778 575 177 1
463 1475 6166 1
972 1020 588 1
530 760 5674 0
671 31 346 0
48 626 1112 1
512 1031 495 1
657 526 1116 1
1319 482 8525 1
977 1046 502 0
894 180 9652 1
938 3 26 0
644 253 3110 1
1086 1404 1316 1
363 900 44 0
1170 245 1137 1
1391 57 504 1
1324 1467 870 1
1323 1362 1 1
761 308 522 1
347 90 478 0
916 584 535 1
616 653 3231 0
913 462 3070 1
719 962 4582 1
358 1352 609 0
375 1213 774 1
579 1202 1026 1
608 1453 116 1
813 321 812 1
1195 227 656 1
415 1426 420 0
1438 379 133 1
929 644 1157 1
961 1205 910 1
621 828 7695 0
1308 1290 1455 0
1436 1364 1246 1
1418 710 235 0
315 23 6047 1
398 1374 263 0
1194 626 423 1
1077 1476 1414 1
24 732 5328 0
850 1079 1441 0
305 1112 256 1
1359 702 1350 1
439 963 7601 1
1126 349 818 1
537 1304 223 1
601 590 9300 0
1147 990 6245 1
555 516 924 1
684 1284 907 1
188 703 1246 0
805 1433 2888 1
170 1128 581 0
471 140 576 0
307 382 668 0
779 823 326 1
997 825 906 1
1279 1381 2415 1
786 1132 311 0
1226 351 498 0
817 661 5315 1
818 990 5340 1
1062 1115 863 1
1256 947 554 1
782 453 42 1
1104 708 3830 0
1032 732 2534 0
173 164 601 1
1083 1010 860 1
734 158 494 0
759 676 193 0
1062 31 822 1
802 689 1082 0
311 946 6878 1
710 438 551 1
73 385 112 1
596 991 9775 1
17 134 1259 1
749 1345 5852 0
1432 1243 8658 0
136 1108 9912 0
866 1254 49 1
1311 1386 444 0
19 245 621 1
1157 1273 3057 1
1010 165 1197 1
1219 980 329 1
359 563 6531 1
1232 695 1211 1
521 1312 1241 1
79 942 4475 0
1474 400 797 1
872 297 1058 1
1334 81 19 1
522 1266 957 1
800 547 1489 1
487 962 8619 1
1124 953 726 0
413 1078 653 0
1392 478 5 1
14 1420 5198 0
353 748 657 1
453 126 4734 0
584 496 5457 0
917 501 36 0
1111 751 828 1
302 1484 842 0
300 364 212 1
698 208 533 0
1048 1459 7149 1
182 144 1043 0
1044 863 422 1
1135 1181 8648 0
1473 1390 893 0
255 693 8989 1
40 303 789 0
1434 946 776 0
1288 1196 1079 0
1345 142 5624 1
453 1348 1091 1
904 114 1083 1
417 1351 6622 0
1288 384 996 1
1345 646 1295 0
5 257 201 0
152 365 4393 1
295 364 594 0
163 501 9 1
1479 734 435 1
248 240 370 0
1370 279 1116 0
831 1144 673 1
1209 1193 6140 0
1157 67 1172 0
425 1131 403 0
810 47 10 1
304 906 140 0
1320 841 7793 0
604 583 1271 1
89 198 4693 0
755 408 568 0
1351 855 1084 1
1280 665 1067 1
14 31 9523 1
1430 197 876 1
519 1005 5377 0
401 1360 9820 1
446 1301 6569 1
941 1421 699 0
284 1262 127 0
667 624 850 1
235 46 1256 0
1119 526 405 0
1029 741 193 1
1181 7 477 1
1040 936 81 1
886 722 1049 1
1352 125 241 0
72 1264 373 0
589 1076 78 0
267 348 898 0
120 539 1480 0
1453 985 2604 0
1174 654 1386 1
661 279 792 1
532 1166 180 0
217 1074 4410 0
130 454 1319 0
188 253 1479 1
1347 1327 209 0
1352 366 752 1
714 716 409 1
495 533 2743 1
541 577 496 0
1278 1071 533 1
1449 279 907 1
1131 1055 4201 1
938 7 4533 0
1322 786 7340 0
332 1191 785 1
1207 475 1107 1
60 1264 819 1
29 503 830 0
1253 1145 7368 0
614 176 535 1
309 639 2270 0
682 177 249 0
661 714 4063 0
900 704 2790 0
1441 439 1475 1
1350 114 1368 1
1353 1215 9539 0
521 1413 114 0
1450 1305 272 1
536 1218 1119 1
537 140 1080 1
1289 162 1042 1
459 1258 521 0
1294 788 382 1
906 1488 1278 1
1227 1428 8240 0
10 670 240 1
470 657 1019 0
1136 930 3896 1
1424 330 199 0
885 538 36 0
1140 115 991 1
96 418 741 0
200 1304 787 1
536 895 624 1
1170 124 397 1
797 1280 1252 1
1385 733 7291 1
622 817 840 0
120 55 1004 0
1240 921 926 1
509 434 610 0
449 61 2092 0
936 809 429 0
1082 1359 806 0
1307 1186 681 1
928 198 678 0
1243 900 1302 1
1329 404 385 1
760 635 118 1
116 284 3975 0
1287 1117 2271 0
1176 843 1164 1
539 835 2323 0
551 530 1439 1
1123 383 970 0
651 831 5876 1
801 1195 52 1
1373 769 1039 1
688 301 3958 0
540 1044 9249 1
209 211 1165 1
214 1100 2583 1
1225 919 9 1
1179 978 884 1
425 71 2954 0
130 725 536 0
700 1208 5201 1
1285 1497 2041 0
1183 1090 5550 1
223 947 299 1
158 1230 401 0
166 1143 639 1
33 768 811 1
55 1177 374 1
673 992 2157 1
803 934 6469 1
1016 1329 565 0
1475 611 835 0
1352 931 798 1
938 401 1072 0
1125 1374 993 1
479 91 188 1
382 1035 527 1
1307 110 375 0
315 1020 550 1
772 1000 735 1
682 758 1163 0
1118 796 1202 1
1111 896 1426 1
881 496 6751 1
352 860 951 1
602 1168 592 1
571 350 0 1
1499 1389 1027 0
1147 1054 3651 0
9 69 999 0
870 409 2344 1
1052 603 485 0
434 388 1291 0
1227 853 1190 0
685 1145 415 1
1244 677 6661 0
1226 754 1458 0
930 1255 1056 0
1369 1161 648 0
152 1021 745 1
1225 1477 2756 1
410 209 1117 0
1494 277 1946 1
1101 535 1319 0
1364 764 474 1
30 287 861 0
260 19 1097 0
398 197 762 1
14 159 1404 1
842 458 1166 1
183 1129 293 0
208 858 899 1
119 722 520 1
1380 535 802 1
1423 758 732 0
356 1423 7537 1
196 279 9162 1
394 791 5126 0
250 83 654 0
280 824 658 1
219 236 202 1
1175 533 828 0
1106 1349 628 0
720 1237 1006 0
1050 1216 9964 1
931 1375 174 1
1272 1297 538 1
515 1024 626 1
481 1433 407 0
1294 203 610 0
882 843 874 1
887 1311 213 1
41 1027 9978 1
733 415 477 0
277 212 8003 0
722 1338 179 0
1115 834 1040 1
1068 1269 2125 0
1455 120 2358 1
964 741 863 0
69 1158 1208 0
1187 1320 1255 0
1388 1405 791 0
1275 17 6827 0
129 1110 1650 0
70 978 927 1
1047 1248 4550 1
302 704 537 1
16 1219 93 0
241 1333 1055 1
301 1310 6722 0
921 528 1482 0
312 1170 471 1
253 354 555 1
369 728 1051 1
286 1111 6197 0
214 20 1126 1
1375 1441 104 1
1034 321 1315 1
560 840 619 1
572 79 645 0
701 591 1384 1
396 635 1465 0
892 915 3475 1
334 174 1234 1
583 1422 822 1
433 162 1003 1
1391 1246 2802 0
485 258 1163 1
79 28 1445 0
130 1456 448 0
815 49 1481 0
71 572 145 0
1202 783 1447 1
1192 1443 658 0
505 1254 8525 1
492 98 8028 1
1387 245 1222 0
385 1207 9535 1
976 89 1453 0
446 29 2652 1
1061 1161 135 0
1001 733 1433 1
1356 988 2159 1
1348 1182 292 0
1373 1258 1427 0
595 1482 1240 0
614 1094 24 1
878 949 941 0
197 1286 8407 1
1214 1013 1841 0
583 1346 214 1
794 9 9367 1
1464 1104 1280 0
965 779 582 0
140 872 2037 1
1084 1100 1286 1
956 544 1084 1
516 501 904 0
731 425 532 0
1179 956 6485 1
899 925 648 1
409 845 397 1
1031 462 614 1
86 884 676 1
408 1217 557 1
1154 400 1242 0
834 878 866 1
536 84 563 1
510 681 1089 0
667 947 87 1
810 679 7911 1
49 1498 9314 1
546 1487 326 1
1381 31 1250 0
852 548 519 1
268 292 3913 0
775 1293 532 1
900 1237 663 0
249 424 8304 0
849 1040 4612 1
1105 1109 658 1
360 1103 832 0
152 974 909 0
1198 588 7491 1
859 204 575 0
904 1125 505 1
805 156 4035 1
571 143 4408 0
62 1332 411 0
763 1302 416 0
900 1227 6597 0
649 1212 1145 1
822 617 4566 1
187 1057 6361 1
63 117 283 0
572 858 90 1
941 1325 1488 1
638 49 866 0
935 659 6645 1
765 1207 136 0
1412 1205 329 0
180 574 123 0
1325 673 6805 0
1009 559 6366 0
919 362 1331 0
757 454 1162 0
399 454 503 0
818 1022 1038 1
461 127 793 0
329 654 1043 1
310 1472 155 0
151 967 355 0
700 420 604 0
1274 624 8552 1
261 941 1405 0
566 374 694 0
233 924 965 1
769 1072 1328 1
680 1311 2307 0
522 447 4846 1
927 1172 754 1
988 213 7287 0
168 130 1133 1
173 10 5125 1
874 921 263 1
1105 32 323 0
735 575 535 0
1420 379 560 1
808 1287 5826 1
1169 641 3883 0
1496 1335 484 1
1305 1109 2776 0
1117 135 1353 1
989 904 737 0
738 853 459 0
46 1057 671 1
582 2 385 1
388 1052 577 1
643 744 199 1
1152 614 613 0
427 741 371 1
1281 1481 385 1
1262 1127 240 0
688 249 949 1
84 64 3507 1
9 1302 436 1
1260 241 86 0
242 513 851 1
653 1106 3696 0
833 239 1209 0
284 792 893 0
757 240 350 0
823 728 88 0
566 1361 149 1
973 101 135 0
171 246 3096 1
338 1150 516 0
1313 1161 761 1
1268 9 3105 1
209 521 817 0
77 1401 1261 1
831 1285 954 0
40 1276 837 0
1258 169 1405 1
19 335 8876 0
820 395 238 0
745 1452 4757 0
226 1285 63 1
468 705 1365 0
1237 501 4811 1
909 385 1793 1
874 472 956 1
1326 801 91 0
320 1311 1253 1
890 322 9910 1
937 552 1084 0
721 262 927 1
552 592 1240 0
569 815 493 1
286 1296 1487 0
419 309 1426 0
49 887 1154 1
267 189 9807 1
623 802 1004 0
1044 1403 1135 1
1092 1091 1165 1
549 1384 757 1
1316 464 7455 0
850 248 315 1
205 444 1039 0
980 1487 6139 0
150 989 1072 0
327 300 1390 0
153 1269 1309 1
1454 755 642 0
1343 1209 86 0
1298 1364 837 0
1477 745 939 1
1245 155 743 1
667 922 1435 1
1378 1362 292 1
1440 201 665 0
1474 139 654 1
159 172 1317 1
755 115 1479 0
784 40 946 1
71 1495 8046 1
1273 130 447 1
777 263 354 0
790 52 3208 0
666 1050 519 0
1189 1191 7128 1
238 760 2952 0
942 664 12 1
1397 1497 1390 0
244 869 690 1
1009 1013 1410 1
213 1452 800 0
10 854 430 0
1022 621 108 0
295 921 702 0
1086 1172 499 1
123 836 1044 1
1371 1052 5012 0
947 745 1335 1
118 479 306 1
1178 750 425 0
204 192 9637 0
1175 933 132 0
354 1416 16 0
1239 1372 1401 0
1102 221 1450 1
840 476 568 1
1339 331 541 1
232 1438 3461 1
1113 376 2833 0
365 727 596 0
182 668 6345 0
791 1336 2477 0
1462 1324 791 0
1426 2 5150 0
1327 111 770 0
1254 730 815 1
441 745 1440 0
1456 96 1839 0
112 921 1456 0
514 156 981 1
1326 803 1843 1
877 269 7833 0
382 756 183 0
811 586 964 1
1301 271 1386 1
1333 625 771 0
315 189 7583 1
666 1317 6217 1
253 1086 6651 1
1376 858 7201 0
183 1099 4560 0
1252 556 797 1
92 1177 911 0
297 872 698 0
1071 1237 39 1
427 888 1280 0
496 102 9704 0
509 80 3427 0
1116 129 415 1
501 1393 245 1
1405 1011 3401 0
900 1471 9454 0
596 460 1371 1
150 14 606 1
992 96 881 1
1478 116 470 0
5 902 5822 1
348 1488 642 1
1228 1417 4305 0
335 31 1105 1
416 1235 1226 0
40 340 3505 0
495 271 9022 1
41 1404 5068 0
1337 1434 1150 0
987 621 735 1
684 464 559 1
1028 913 547 1
50 513 9192 1
1119 1409 898 1
704 1199 776 0
680 122 732 1
1281 90 671 1
596 288 825 1
1099 1476 9045 0
1058 1011 30 0
495 853 1222 0
825 867 656 0
1331 298 204 1
1427 1119 2727 1
35 682 2738 1
1196 1388 3550 1
235 467 84 1
1280 786 8757 0
1187 747 4986 0
367 1196 871 1
764 267 942 0
1123 1190 1434 0
574 443 757 0
770 300 492 1
406 562 6753 1
1433 1290 8871 1
801 1076 1455 1
1113 1217 1016 0
1068 1362 775 1
1413 177 355 0
1121 1245 1060 0
395 924 5497 0
474 867 649 1
1090 681 4095 1
1375 963 1343 0
448 1332 1393 0
755 1487 1184 0
572 171 124 0
1391 78 39 0
717 1390 1230 0
82 130 1272 1
547 1498 1743 1
1147 758 6153 1
133 287 55 0
1249 353 4672 0
1219 349 9703 1
381 1318 933 1
1009 1440 673 1
1003 639 1467 1
829 317 8575 1
1047 191 838 0
447 761 16 1
872 209 411 1
252 1262 6899 1
1357 645 564 1
15 949 7652 0
690 1071 47 0
1390 1195 570 0
302 442 6804 1
1073 919 6277 1
1124 368 807 1
1203 840 838 0
1421 95 336 0
364 538 1488 1
1473 1133 89 0
255 64 1124 0
281 619 7870 0
1406 307 7469 1
528 1359 859 0
718 550 3241 1
479 1180 4434 1
1013 511 3197 1
660 915 7312 0
295 702 1338 0
18 958 1034 0
698 831 7042 0
125 1187 776 0
518 675 7958 1
999 1394 103 0
576 1232 278 0
1156 284 807 0
405 894 1084 1
523 166 2509 0
405 640 1141 1
985 249 283 0
982 1264 409 0
345 557 1037 0
1169 642 514 0
610 386 1142 1
374 1005 1047 0
1099 330 248 0
282 139 3469 0
1111 1491 549 0
956 1298 1137 0
1321 412 857 1
61 1352 2976 0
582 163 935 1
1042 443 1349 0
807 1327 423 1
496 322 589 1
1239 737 1919 1
137 649 1170 0
533 1233 9224 1
300 612 114 1
1409 361 157 0
619 621 713 1
599 155 1799 1
1349 1449 1289 1
1405 1053 387 0
101 557 843 1
274 1057 115 0
704 1011 681 0
608 453 952 0
721 1246 302 1
155 497 4279 0
655 760 288 1
1385 52 776 0
1327 1197 466 0
1492 1371 1101 1
729 430 6240 0
1186 1140 1151 0
916 1145 259 1
709 1079 207 1
184 719 106 1
773 380 638 0
150 374 237 0
1400 116 264 1
1384 581 46 1
1131 1387 1321 0
980 825 636 1
74 1319 2536 1
226 122 1197 1
787 999 6832 0
439 452 1533 0
1216 518 763 1
1145 34 75 0
420 1074 2460 0
636 1051 3955 1
1104 808 809 1
909 1066 1283 1
1334 409 7157 1
512 647 269 0
334 762 1053 0
395 597 8115 1
803 649 4518 0
457 689 1478 0
392 384 964 1
878 957 1053 0
242 1415 963 0
686 1470 1037 1
460 411 1390 1
305 1378 1396 1
452 173 1287 1
566 8 1175 0
615 991 1251 1
222 1111 926 0
867 560 30 1
834 270 9181 1
175 52 7397 1
178 24 134 1
590 1281 946 0
1124 435 1218 1
8 906 1020 0
1320 775 378 1
214 226 153 1
1101 450 1109 0
625 370 1904 1
133 1017 828 0
904 669 8438 0
462 525 521 1
24 1369 421 0
1353 1231 515 0
1108 72 169 0
213 138 7590 1
1037 379 233 1
918 926 315 1
6 1157 1007 0
347 1145 774 1
511 538 579 0
557 1119 3851 0
107 103 878 0
1253 665 8022 0
251 346 1207 1
540 1048 659 1
926 212 131 1
1466 193 1441 0
871 1192 794 0
990 366 987 1
1102 234 1072 1
875 1452 1029 1
967 1252 354 1
1000 949 1411 1
1055 1478 8655 1
1306 1318 445 0
1350 385 1408 1
208 836 1163 0
471 1027 5412 0
475 657 1094 0
786 1016 982 0
2 293 5948 0
1499 1284 5124 0
1170 571 407 0
1479 534 318 1
850 797 448 1
195 1023 7924 0
1453 836 228 1
399 1468 171 0
508 706 6386 0
861 131 732 1
1155 902 1225 0
680 1159 989 0
570 1083 726 0
435 814 759 0
56 968 445 0
902 1055 719 0
1224 336 171 1
1152 1320 8776 1
41 552 374 0
1174 840 612 1
521 373 936 1
1035 1216 1094 1
158 1442 1242 1
236 90 1456 1
440 732 171 1
307 932 1082 1
85 857 821 1
288 1337 519 1
66 37 818 0
1411 954 1206 0
1195 1494 557 1
713 809 6345 1
1311 1360 922 1
349 455 6248 0
893 544 187 1
74 692 3479 1
731 391 4918 0
673 916 596 1
948 1255 3822 0
414 594 1959 1
1095 1 522 0
200 1176 709 0
1092 853 138 1
481 270 1033 1
879 933 35 1
819 582 652 0
1119 248 7451 1
575 507 1389 0
159 970 1118 1
447 1218 8028 0
968 685 1013 1
820 984 438 0
190 1118 1182 1
1399 690 548 1
416 704 4984 0
449 588 1339 0
916 564 146 1
661 823 205 0
1316 346 7595 1
19 940 4723 1
1046 541 8184 1
813 1212 276 1
271 369 525 1
201 1327 1971 1
1036 1057 230 1
487 1183 1403 0
1130 1309 4203 0
209 12 248 0
839 1018 145 1
1026 745 195 0
508 483 61 0
1310 1402 9198 0
49 189 2249 1
913 1205 1319 0
622 784 4809 0
1227 915 5335 0
1110 1048 1157 1
1208 444 1435 1
1087 591 166 1
685 374 5689 1
1096 689 306 0
331 44 941 0
1391 1335 493 0
5 1474 509 0
983 1062 3481 1
1228 1133 510 0
726 535 131 0
1499 1194 1264 1
1265 1072 752 0
917 661 340 1
894 188 417 1
619 388 28 0
1481 117 7330 0
832 176 901 0
1222 1238 888 1
821 608 9251 1
1120 802 5716 0
524 430 7476 0
470 1479 8 0
120 654 147 0
819 1212 1267 1
297 1356 660 1
1173 1401 191 0
671 200 979 1
1351 353 548 0
332 19 3906 1
180 592 653 0
1450 457 617 0
474 1301 136 0
280 1001 482 1
212 1235 552 0
248 1257 819 1
104 481 766 0
772 579 1477 1
1221 4 833 0
590 209 1173 1
610 1440 5838 0
502 42 4956 1
247 1002 4374 0
94 176 9922 0
1208 157 3056 0
259 1297 163 0
1311 554 714 1
278 2 868 0
26 804 3427 0
1275 97 8000 0
1294 46 1262 1
885 333 444 1
1283 1287 196 0
56 541 1445 0
882 1305 1607 0
751 267 1226 1
411 16 160 1
726 1255 4977 1
1366 1193 263 1
1200 1438 4 0
629 450 279 0
436 216 3712 1
575 859 4907 1
1345 724 1161 0
434 1033 1004 0
439 180 83 0
372 1323 4279 1
558 1497 8835 0
1040 707 254 0
753 767 2859 1
144 1471 581 0
706 462 900 0
767 1370 661 0
192 84 166 1
1427 145 529 1
1363 1389 5500 0
158 1366 1248 1
984 687 477 0
1129 1137 1202 0
1402 125 1304 0
1436 1408 669 1
105 1495 1116 1
411 610 1740 1
610 797 1308 0
545 906 1347 0
274 392 51 0
978 1101 962 0
625 1464 1483 0
556 516 183 1
543 773 9166 1
1440 277 507 0
937 888 748 1
591 226 1207 1
1223 1430 1098 0
927 534 662 1
829 307 9722 0
515 342 5608 0
16 1095 630 0
847 400 4391 0
496 64 5142 1
245 938 9460 0
1451 1065 358 1
482 1035 2815 1
723 1244 8208 1
450 732 1248 1
691 425 984 0
58 1496 695 0
549 1223 1422 1
535 173 229 0
1046 1027 70 0
93 1368 466 1
838 967 192 0
93 865 1300 0
1013 1422 1461 0
1164 1313 127 1
241 987 816 0
756 607 968 1
119 104 986 0
1185 901 30 1
154 704 540 1
439 530 545 1
1040 945 1117 1
487 945 9538 1
769 309 610 0
1478 15 160 1
1095 1436 914 0
1180 45 8084 0
897 1125 413 1
789 22 199 0
799 920 1184 1
132 702 413 0
184 1184 384 1
305 277 1006 0
698 928 428 0
913 493 575 0
1165 216 9775 0
116 1427 1489 1
1057 719 1335 1
672 556 229 0
982 979 12 1
254 102 411 1
1420 1370 7006 1
1266 332 1266 1
525 1189 5465 1
340 454 77 1
1407 1213 1381 1
662 780 667 0
971 63 9941 1
183 445 241 0
1482 1379 787 1
1245 73 6744 1
899 272 791 1
1450 9 431 1
787 903 137 1
789 530 9242 0
423 1487 519 1
1081 1144 1159 1
1133 703 1293 1
252 1172 1489 0
107 91 300 1
644 574 1458 0
466 1279 1294 0
92 692 6201 1
230 1067 278 0
1096 754 6748 0
579 1009 211 0
368 497 814 0
1312 480 940 1
232 348 6009 1
466 689 455 1
1208 62 27 0
1275 794 6150 1
267 238 908 0
186 1386 751 1
1033 463 6212 1
820 87 824 1
753 1301 477 0
1354 330 983 0
1099 1243 592 1
1078 777 157 0
990 487 2076 1
64 1412 455 1
60 722 534 1
1436 1198 7487 0
545 650 616 1
485 541 8595 0
1135 1274 7980 0
1404 547 1081 0
160 464 1110 1
252 915 1107 1
229 610 429 1
1060 635 125 0
1229 1384 929 1
1410 291 379 1
977 949 888 0
1247 867 740 0
753 40 946 1
467 128 2978 0
1479 838 2211 1
1414 1138 783 1
469 105 2109 1
74 530 20 1
671 1061 4882 1
1404 85 4047 0
690 1291 1315 1
1433 651 2577 1
1101 1246 576 1
648 62 132 0
1243 623 1209 0
1451 598 197 1
650 247 245 1
1068 1212 685 0
283 23 625 0
952 317 1268 0
826 1265 8003 0
1247 1148 221 1
807 1211 542 0
726 725 721 1
1074 998 9 1
824 366 1145 1
574 156 530 0
224 128 915 0
465 1031 860 1
0 266 8076 0
589 1058 1398 0
876 1334 352 1
833 767 8062 0
406 814 9356 0
458 265 481 1
990 1419 9869 1
1224 810 88 0
1458 748 8384 0
381 385 71 1
323 551 774 1
1352 752 1465 1
990 480 1398 0
719 393 1416 1
861 1170 626 0
198 274 493 1
719 252 273 1
718 914 343 0
1288 821 480 1
1042 1496 1241 1
721 771 998 1
1242 281 1365 0
1389 649 445 0
582 215 261 0
762 55 1384 0
1109 1157 740 0
1444 175 892 0
1169 1331 4662 1
671 1236 1043 1
1183 241 7715 0
1345 1282 626 0
1229 726 2094 1
1051 651 829 1
796 967 1193 0
1176 1223 646 0
1425 8 720 0
271 1348 693 1
1259 235 1213 1
380 341 1193 0
272 1059 1047 0
1440 1219 82 0
524 337 609 1
1388 268 1293 0
1015 1160 1602 0
931 1201 483 1
1084 664 262 0
262 441 737 0
992 1190 3 0
1387 10 728 1
919 370 1001 1
1088 1041 6824 1
1471 487 1034 1
922 903 4895 0
953 771 1075 0
443 288 1030 1
423 472 9187 0
1068 1100 272 0
1042 590 190 1
1243 503 1117 1
1444 1326 182 1
410 512 7032 0
933 925 1322 0
192 1254 4965 0
177 521 356 0
733 832 150 1
1130 958 7248 1
1438 1347 415 1
423 48 7795 1
416 1026 1185 0
1394 1398 230 0
1495 1452 432 0
1227 679 1028 0
412 1494 159 0
384 314 1230 1
144 162 1313 1
699 1453 9948 1
121 1351 703 1
99 296 1026 0
450 1232 1087 0
72 190 1365 0
1200 859 89 0
123 1217 977 0
1429 657 1782 0
636 1013 4408 1
431 917 989 0
840 275 7844 0
419 225 416 0
776 1377 1300 0
1317 935 4313 0
114 622 1170 1
604 908 389 0
673 940 463 0
1188 669 6372 1
16 1212 155 0
363 710 581 0
1150 185 520 0
657 1412 6011 1
760 1051 1260 1
727 231 606 0
1208 1475 1415 0
801 45 7435 1
1090 579 412 1
382 984 462 1
26 524 232 0
1118 1099 3715 0
191 1044 384 0
1478 1285 522 0
954 376 389 0
813 1024 944 1
305 266 5875 1
888 596 827 1
1190 1206 604 1
1434 205 213 0
560 1417 215 1
814 517 945 1
1318 38 997 0
691 478 930 0
