3337
50 51
38 42 457 1
10 15 2027 0
49 21 1586 1
10 6 1497 1
18 23 182 1
7 44 1970 1
31 38 2361 1
33 12 3112 1
7 46 2293 1
2 42 3046 0
31 15 4130 1
35 9 2009 1
42 35 725 1
36 27 3479 1
7 32 2211 1
41 47 7696 0
11 22 339 1
1 23 2713 1
35 49 1229 0
46 24 7139 1
4 14 2584 0
32 6 7323 0
8 37 1723 0
28 2 1198 1
24 37 1159 1
18 16 1730 1
42 2 1876 1
47 25 131 0
28 29 2393 1
42 43 823 0
24 28 294 0
12 35 1144 0
1 9 2729 1
36 23 1755 1
23 3 1278 1
37 12 3726 0
2 25 2279 0
6 44 2420 0
23 3 2420 0
27 25 8116 1
22 9 2437 1
24 12 6532 1
37 30 1843 1
25 16 219 1
36 22 9785 0
15 27 2378 0
26 4 1005 1
24 0 2034 1
43 46 256 0
34 1 2160 1
8 44 1148 1
