736
1500 4921
54 307 513 0
1343 337 297 1
373 1426 546 0
369 205 5078 1
876 1314 70 1
998 1386 7829 0
1266 118 641 1
780 477 9653 1
700 902 5882 1
619 783 618 0
763 632 4983 1
708 1310 576 0
22 276 303 0
732 200 4949 0
670 838 350 0
361 258 528 1
351 742 87 0
1332 750 247 0
1309 322 255 0
1007 286 4091 0
753 1469 8168 1
936 988 426 1
407 1250 294 1
606 703 474 1
898 1498 9019 1
1049 1037 1082 1
131 430 7004 0
1481 1495 582 0
513 84 6830 1
33 970 4880 1
1366 1359 563 0
1413 564 6534 1
252 1267 702 0
1433 1074 4263 1
1011 763 358 1
1126 485 76 0
1079 816 526 0
1177 1378 336 1
1329 996 0 1
798 989 3566 0
1070 704 7994 1
1474 1151 21 0
1274 364 125 1
738 329 2712 0
588 1292 52 0
681 1387 1239 1
1188 247 462 1
652 486 307 0
1399 961 4194 0
1010 125 450 0
514 1395 7524 0
33 272 2987 0
240 796 69 0
1401 197 717 1
1465 825 251 1
669 69 5896 0
1148 1456 1 1
726 704 600 1
1323 159 193 0
591 287 294 1
968 431 381 0
921 1300 685 0
382 621 117 1
610 360 155 1
1428 1344 4572 0
145 747 692 1
1364 725 3791 1
171 662 706 1
120 749 6276 0
313 1266 64 1
1207 627 450 1
775 867 280 0
604 878 4291 0
1441 189 677 1
1086 1137 578 0
541 659 664 1
1352 204 137 0
792 1190 7417 0
762 384 594 0
1474 509 348 0
447 1346 4300 0
1255 1113 6280 1
1255 846 448 0
343 1250 6849 1
282 503 7826 1
1275 35 420 0
8 1192 769 1
17 406 5833 0
941 1165 446 0
626 880 535 0
245 103 160 1
24 115 573 1
908 1255 73 0
1043 1108 582 1
421 549 645 0
790 331 566 1
557 833 6251 0
545 273 386 0
70 811 387 1
1220 1048 1720 0
910 1184 358 1
604 1087 319 0
1061 794 36 0
456 123 596 0
215 1164 80 1
708 823 178 1
748 508 262 0
1049 1194 116 0
1436 1395 4549 0
194 346 5010 1
1269 1190 625 1
1026 1274 249 1
80 594 33 0
401 1380 6388 0
827 329 577 0
960 469 593 0
923 94 1119 0
537 1248 265 0
1183 1025 2060 0
436 485 6927 0
599 433 287 1
114 682 178 1
1437 700 3946 0
246 26 4054 1
1167 64 2556 1
1257 1144 371 0
662 841 4845 1
1112 774 30 1
451 931 567 0
810 174 326 0
1366 204 591 1
347 801 508 0
294 238 71 1
1399 990 44 1
377 1382 604 1
1315 864 6953 1
1452 1095 514 1
1155 742 515 0
419 1049 2333 0
788 754 7952 0
26 451 104 0
984 421 8104 1
797 1264 386 1
1138 209 7789 1
883 1208 9935 0
1307 832 553 1
1010 1242 4626 1
283 171 659 0
575 325 473 1
546 1313 521 1
688 1158 493 0
1135 629 599 1
591 1109 48 0
1291 1309 443 1
668 1473 1630 1
490 1067 46 0
177 502 3493 1
748 594 197 1
808 1444 641 0
270 1183 349 0
786 1452 305 1
336 1048 588 0
1454 430 8787 1
649 1101 505 0
1450 1237 334 1
1083 254 643 0
773 254 186 0
1149 389 8108 0
716 1382 623 0
1373 1043 650 0
403 812 308 0
664 1264 8870 1
984 667 614 1
439 381 68 0
100 910 276 1
423 1257 676 1
268 1472 353 1
463 345 145 0
1101 658 569 1
720 585 201 1
1035 519 3044 0
291 1324 657 0
1341 428 9623 1
760 53 403 1
308 1244 63 1
476 769 195 1
1214 118 138 0
283 374 550 0
1208 179 4933 0
43 1384 528 0
192 1230 9502 1
1374 32 646 1
5 869 0 0
839 795 7548 0
1051 3 150 0
231 1455 526 1
1383 1265 261 0
903 724 39 0
1292 613 382 1
1150 1357 484 0
120 926 280 0
792 998 9910 0
293 869 5737 0
130 882 586 0
1308 1168 653 1
373 730 2836 0
1229 531 287 0
532 1427 9041 0
785 340 586 1
19 201 212 0
840 1049 8534 0
1361 69 400 1
211 653 267 1
514 653 2775 0
1193 595 501 1
7 999 12 0
1383 775 184 0
1336 832 212 0
953 723 640 0
684 1030 5896 0
1114 1341 38 0
1080 734 99 1
1187 1053 7296 0
474 365 3798 0
1463 1416 8005 0
927 1285 657 0
672 251 7348 1
352 1248 7311 0
808 304 422 1
726 1153 7489 0
625 1359 1669 0
1480 697 132 1
1341 578 367 1
442 850 548 0
850 692 9945 0
1286 1340 410 0
94 114 45 0
1 1064 7998 1
970 909 8840 0
143 1296 67 1
1256 60 593 1
368 422 185 0
193 222 701 1
1043 1298 8584 0
1455 895 7056 0
862 1063 8859 1
211 1174 2233 1
466 1401 714 1
353 521 657 1
771 165 62 1
697 76 191 1
202 1169 8650 0
1324 531 2410 0
1484 1407 361 1
1164 404 670 1
470 1483 466 0
1144 1272 683 0
255 963 9737 0
680 201 658 0
1315 1416 372 1
1493 1256 671 1
266 536 8652 1
996 792 295 0
1056 844 246 1
530 1247 1054 1
234 945 625 0
668 573 8192 0
440 902 654 0
510 949 3041 1
217 1409 6959 0
452 72 63 1
450 577 8590 1
1178 845 125 0
160 959 490 1
860 334 1636 1
638 70 234 0
741 454 7542 0
1267 1119 5 1
118 527 7339 1
427 1278 1410 0
659 641 186 1
327 165 113 1
817 1017 606 1
1479 1088 708 0
642 1466 684 0
36 466 8317 1
484 363 593 0
1379 1381 7573 1
1027 470 66 1
1383 519 5525 1
492 693 300 1
1377 1093 5340 0
1371 999 9258 0
66 696 9829 0
564 600 108 0
981 1263 162 1
1143 1354 687 0
893 777 2409 0
210 348 18 1
1284 1199 488 0
18 799 6442 0
937 1388 7572 1
638 751 597 1
660 137 322 1
858 544 29 1
328 780 8539 0
578 1420 473 1
405 777 499 1
1151 972 218 1
1368 234 551 1
552 436 3470 0
974 202 3607 1
1022 932 663 1
1097 740 482 1
327 146 1874 0
1370 419 343 1
1047 875 8184 1
1381 1022 184 1
85 119 388 0
557 1211 9160 1
256 671 713 0
427 719 694 0
439 1129 4908 1
516 1392 339 0
148 573 4377 0
838 990 235 1
1170 335 1605 0
912 1279 590 1
885 1028 543 0
491 460 298 0
1035 1129 336 1
1185 1242 368 1
471 562 300 1
862 1330 114 0
977 101 8987 0
935 547 482 0
1167 356 344 0
843 146 718 0
931 198 2001 0
190 400 567 0
148 629 86 1
217 607 491 1
871 1296 576 0
1371 718 8511 1
903 32 6623 0
332 841 722 1
1161 1253 3506 0
345 529 118 0
1261 889 7288 0
1460 603 452 1
1334 905 339 0
291 1198 6224 1
77 617 6911 0
784 162 7962 0
978 1360 694 1
107 1446 4588 0
545 732 407 0
1410 328 626 0
921 94 664 0
639 346 4886 0
517 1279 150 0
467 442 297 0
1285 1434 420 0
55 577 529 0
47 1326 58 0
1432 870 283 1
461 429 559 1
563 727 468 0
382 1424 124 1
513 1465 8138 1
1389 791 653 1
1152 219 3480 1
297 1474 468 1
285 792 558 1
294 1499 308 0
1023 379 8365 0
1141 333 6433 0
308 163 8772 0
1487 690 7875 0
1083 991 17 0
837 427 768 0
1450 883 715 0
156 1293 9532 1
1470 1307 457 0
74 905 531 1
174 1072 316 1
933 425 2684 1
783 1095 6930 1
1279 1430 570 1
1229 180 9069 0
11 90 591 1
740 1204 265 0
385 632 2553 1
3 619 2894 0
878 353 711 0
1367 357 507 0
89 1371 8631 0
104 1326 273 1
1423 126 366 1
1246 644 7204 0
1210 964 642 0
600 986 303 0
381 1255 20 0
981 1472 38 0
773 838 3500 0
739 1044 113 1
499 931 276 0
254 372 325 0
959 305 654 1
243 963 3953 1
1205 907 518 0
1348 1040 706 0
893 889 5465 0
1054 1195 132 1
37 196 9610 1
728 1283 8789 1
64 661 664 1
398 657 5099 1
1327 1 260 1
770 1218 8102 1
634 315 9449 1
196 867 525 1
133 394 126 1
479 1135 369 0
957 1074 585 0
873 997 146 1
1004 545 634 0
1421 1345 112 0
1250 858 1437 0
402 273 306 1
626 552 8 0
894 926 6320 1
1273 292 394 1
647 1256 6366 0
129 183 2648 0
745 1165 716 1
600 1443 13 0
42 833 315 0
1403 1379 655 1
1403 552 76 1
406 200 719 1
507 1477 105 1
748 448 485 0
612 532 1385 0
437 1302 282 0
642 1474 4624 0
737 424 8980 0
1371 463 2768 1
1192 893 277 1
1216 1359 149 1
1245 1269 569 0
593 477 3748 0
1066 567 374 1
564 1074 6627 1
556 1178 623 1
933 297 688 1
42 1010 602 1
670 563 501 1
1464 840 4407 1
1221 371 34 0
396 690 6512 1
735 1242 133 0
1416 105 488 0
427 1301 1163 1
602 1072 8789 0
209 1144 1144 1
1107 173 264 1
1182 874 890 0
1158 1261 717 1
691 1149 3021 0
1258 767 656 0
3 812 68 0
302 1222 663 0
197 547 1644 1
9 1145 2596 1
163 1012 23 1
820 249 453 0
1383 205 117 1
953 1441 193 0
1195 1489 543 0
641 60 62 0
1287 718 9403 1
1303 225 9747 0
212 840 191 1
374 1283 437 1
973 725 8160 0
483 641 69 1
1459 1472 6900 0
1200 1139 2066 0
135 605 108 0
551 1107 626 1
598 423 683 0
947 1307 9585 0
1300 1482 118 0
834 1305 288 0
445 444 140 1
218 1137 541 1
273 135 9569 0
1101 634 2160 1
787 1242 653 1
741 1406 6401 0
890 866 1620 0
1295 228 119 0
639 948 5103 1
267 343 3415 1
126 1126 201 1
1296 1039 9793 0
1036 651 465 0
839 1302 4993 0
1150 1323 8423 1
1345 1115 7873 0
1104 147 2094 0
1352 1140 407 1
416 878 61 0
1363 687 368 0
428 322 59 0
1463 1112 577 0
752 1064 643 1
1387 173 653 1
792 656 7716 1
1194 1360 9144 1
750 524 97 0
1444 1020 6317 1
381 960 289 0
1331 1353 444 1
362 439 286 1
938 416 3691 1
417 1422 3886 1
3 1264 2935 1
1400 637 274 0
936 1087 380 0
1089 191 267 0
1295 1001 59 0
100 1431 388 1
1401 604 3490 1
704 27 6148 1
1443 1049 566 0
694 1161 171 0
326 763 9674 0
450 438 288 0
1343 415 431 1
376 1406 3406 1
548 1262 356 1
617 940 385 0
537 17 371 1
1027 699 291 1
28 971 4772 1
2 1228 515 1
91 550 652 1
1045 212 414 0
119 942 6486 1
805 1231 456 1
678 903 7695 0
1438 873 8332 1
1301 580 326 0
1056 742 629 0
1039 85 8311 0
1244 34 266 1
225 387 7214 1
1207 250 168 0
511 1120 284 0
456 1420 3731 1
812 898 519 1
811 55 6 1
92 1005 1205 1
596 61 5990 1
1106 1330 35 1
1461 1446 503 0
550 110 5949 1
991 1395 539 0
925 504 501 0
445 1007 3256 0
233 153 708 1
901 273 205 1
795 1490 498 0
935 74 254 1
1415 1121 246 1
863 30 6159 1
1262 988 5820 1
498 795 499 1
1487 1051 34 0
431 304 8226 0
512 529 4783 1
790 1213 182 0
1105 1068 309 0
1495 342 505 1
219 144 3718 0
60 903 4524 1
863 121 726 1
936 1069 323 0
796 1235 5981 1
90 874 52 1
1317 1226 107 0
862 1316 725 1
747 541 283 0
602 227 66 0
1007 192 6011 1
1284 163 697 0
1283 484 9892 0
205 384 5666 1
985 270 2386 0
1411 109 407 0
1155 114 637 0
9 772 1567 0
10 985 8696 0
670 708 261 0
895 1094 1869 0
1388 607 82 1
905 1046 344 1
214 385 707 0
489 620 6416 0
59 1037 444 1
139 1479 194 0
1414 618 506 0
526 1134 273 1
1112 183 8025 0
827 1051 394 0
1320 261 371 0
1131 1002 7328 0
594 1464 230 0
262 1057 41 0
1138 347 4353 0
499 370 132 0
489 141 610 0
1125 1484 581 1
1173 120 4941 1
345 77 355 1
927 991 448 0
1296 1463 9547 0
131 536 3949 1
1279 265 5455 1
371 1119 116 0
1104 173 9528 0
869 263 216 0
752 1406 662 0
1423 870 322 0
1136 1276 2160 0
246 391 304 1
1069 941 238 0
446 1455 447 1
895 1216 672 1
879 536 2791 1
422 487 133 1
1186 173 4837 1
127 1062 484 0
299 965 2260 0
95 514 39 1
1132 510 42 1
1380 825 236 0
1317 271 654 1
1322 877 7070 1
208 36 124 0
1102 23 8155 1
690 1 540 0
1258 744 212 0
509 36 5092 0
573 141 8413 0
128 825 144 0
1446 865 519 1
1300 398 362 1
545 900 367 1
1034 781 601 0
1456 1152 515 1
1077 14 5732 1
710 1163 717 0
1037 332 8165 1
958 1487 7333 0
50 1115 1393 0
1136 370 567 1
42 478 688 1
1265 293 366 0
609 790 597 0
1409 388 25 1
771 344 103 0
226 653 4652 1
366 963 406 1
575 791 5179 1
418 286 437 0
610 201 224 0
1340 1466 717 0
697 915 9466 0
89 1151 227 0
30 328 481 0
892 1111 565 0
961 989 510 1
939 640 13 0
237 1299 420 0
1231 56 476 1
1302 327 2112 1
1277 612 531 0
618 647 8 1
845 602 33 1
647 13 351 1
630 336 4077 1
1378 968 4760 1
38 258 536 1
133 1260 3714 1
618 395 215 1
172 922 8702 0
402 494 367 1
1019 792 722 1
574 1430 22 1
477 281 228 0
684 1484 3277 1
189 1422 448 1
669 524 342 1
119 1073 5 0
512 1196 618 0
792 992 643 1
1082 519 438 1
435 1430 507 0
709 887 4900 1
596 180 488 0
1182 566 4807 1
1339 1467 7017 0
31 505 5551 0
1419 255 213 0
1222 791 9646 1
456 1375 89 1
471 886 340 0
240 1338 4837 0
380 881 494 0
574 1068 332 1
254 764 6263 1
1060 560 6106 0
168 1013 41 1
40 1212 160 1
527 1305 649 0
725 117 9006 0
1033 1113 318 0
1063 32 357 1
758 1299 720 0
1186 956 138 0
844 1345 326 1
623 866 318 0
623 72 8186 1
706 1363 148 0
1357 54 6459 0
1232 168 713 0
623 1204 2555 1
394 1399 1601 1
631 1313 492 0
1479 252 1322 0
724 11 5271 0
1414 690 4350 0
1097 536 9837 1
789 1409 3218 1
1247 49 156 0
1237 173 101 1
931 62 486 1
451 676 129 1
894 207 523 0
293 340 539 1
331 543 96 0
1359 1035 396 0
212 209 9671 0
143 75 2172 1
1248 809 1299 1
634 1234 516 0
679 1048 517 1
618 355 5216 1
544 477 618 0
701 668 329 1
977 405 393 0
1494 898 7405 1
626 723 9392 1
1316 1355 469 1
77 1151 1271 0
822 1330 689 1
307 450 8715 1
62 912 572 0
146 222 6707 1
955 300 340 0
201 249 296 0
255 76 274 0
748 108 149 1
1392 237 4109 0
207 196 6297 0
1459 1439 651 0
997 990 163 1
1385 291 694 0
1067 164 1020 1
499 979 270 0
1409 283 183 0
1450 1203 152 1
1386 501 5423 1
284 1246 627 0
251 845 333 1
870 56 56 1
509 781 7179 1
1306 1486 74 1
848 277 389 0
640 1446 6107 0
1350 296 5184 1
211 906 156 1
1189 493 196 1
923 44 3137 0
645 480 576 1
637 403 2408 1
832 621 441 1
4 1320 8349 0
313 1326 256 1
307 182 7739 0
1114 574 471 1
321 1322 187 1
875 1099 34 1
351 815 6054 0
598 685 2394 1
362 1049 251 0
929 1362 4842 0
1482 1439 479 1
80 692 7194 0
162 436 8848 0
1331 404 4677 0
944 599 185 0
333 645 3730 1
75 1061 358 0
1278 123 293 1
1124 383 3038 1
967 1322 316 0
1033 871 5581 1
644 416 8570 1
274 1001 108 0
1271 470 282 0
995 1386 497 0
259 867 311 1
538 26 218 1
416 600 180 0
555 399 1921 1
527 771 152 1
535 1342 721 0
474 438 207 1
1089 543 604 1
900 657 683 0
781 703 94 0
425 1425 3611 1
663 583 488 0
792 8 6343 0
1365 1398 8655 1
533 1480 9585 0
1441 1411 605 0
766 1469 9712 1
98 1004 534 0
275 1318 84 0
1136 675 273 1
655 765 147 0
610 736 9889 0
341 1169 8 1
384 390 137 1
897 1474 491 1
485 579 624 1
241 168 6401 1
24 1370 6831 0
684 1114 585 0
1141 1149 3687 0
17 693 318 1
970 1312 148 1
1451 665 1650 1
505 909 652 0
274 717 76 0
927 613 1344 0
552 1168 9099 0
1054 839 231 1
1330 26 391 1
364 617 442 0
752 1496 622 0
432 1125 1346 0
1411 152 371 0
438 1071 147 1
913 1279 280 1
569 172 470 1
1205 1350 215 1
300 22 227 1
327 25 437 1
384 1232 289 0
909 942 625 1
58 1235 6261 0
596 1026 374 0
972 987 4343 0
987 409 7633 0
1230 87 391 1
736 235 45 1
139 1413 8909 1
1286 1448 4244 1
1169 677 239 0
1405 140 3788 1
1395 1428 515 0
630 1468 239 0
398 32 606 0
874 459 289 1
236 554 1630 1
1294 922 403 1
970 74 8387 0
319 1144 25 1
1049 1427 693 1
745 1253 3813 1
542 408 4415 1
1270 584 7764 0
177 739 631 0
257 150 705 0
599 263 612 0
69 620 55 1
479 268 599 0
1070 921 681 1
1111 350 469 1
1042 1032 129 1
234 592 319 0
47 1427 369 1
57 356 585 1
772 309 262 1
1440 1399 356 1
1401 14 2931 1
1315 53 730 1
214 1086 487 1
1054 67 52 0
21 636 4856 1
1482 163 92 1
558 620 23 0
1071 1128 900 0
373 1456 453 1
1402 827 225 0
716 546 7736 1
308 376 342 1
628 261 4650 1
468 699 7053 1
1260 1045 416 1
1102 220 1071 1
7 1357 5886 0
464 308 32 1
729 1288 473 0
1406 710 582 0
463 934 1424 1
312 515 303 1
102 390 134 0
133 230 349 1
418 1355 87 1
160 1192 9606 1
536 76 4477 0
826 157 368 1
91 302 684 1
1209 1441 227 0
145 1043 6702 0
651 763 404 1
1173 158 530 1
574 369 6 1
345 723 7652 0
1039 993 273 1
849 367 220 0
216 846 323 1
1164 343 5707 1
1404 990 272 1
1313 783 325 1
474 644 717 0
839 198 174 1
172 572 666 1
1218 149 6121 0
979 860 416 0
362 915 626 0
214 178 272 1
946 691 245 1
829 407 518 0
1124 671 417 0
1023 905 48 0
153 1378 8578 0
262 1393 7104 1
1427 480 669 1
712 88 28 1
608 389 317 1
389 1225 628 1
653 202 612 0
1028 1019 412 1
1154 1446 6670 0
759 1127 629 1
1427 477 395 1
1202 450 157 0
1411 430 706 0
175 92 629 0
1205 376 8185 1
550 328 230 1
955 646 56 1
742 1236 696 0
383 806 216 1
421 406 4562 1
899 607 475 0
1130 1040 693 1
37 1114 662 1
1050 526 210 1
1211 417 8929 1
968 387 3174 1
62 965 665 0
1375 1 653 1
659 221 237 0
369 1421 281 0
362 816 366 1
166 48 201 0
1217 443 667 1
1404 676 306 0
306 717 4358 1
398 204 48 1
29 895 447 0
460 192 8330 0
1048 198 515 1
1490 1232 7159 0
230 952 709 0
23 638 2523 0
711 1056 602 0
1048 76 82 1
1435 929 536 1
1145 566 439 0
1417 136 486 1
720 1080 284 0
1200 367 652 1
478 999 405 1
191 571 364 1
1143 664 203 0
143 213 2816 0
944 55 560 0
542 767 171 1
716 568 43 1
301 1291 8038 0
226 1458 125 1
1254 82 2166 0
707 1191 401 0
413 1293 8508 0
1445 1444 218 0
690 653 392 0
279 1130 250 0
43 179 304 1
1 543 7542 1
454 449 314 1
976 88 580 0
1211 907 8004 0
251 29 3076 0
494 710 100 0
747 927 405 0
553 474 524 1
642 447 683 1
1073 615 524 0
1357 463 9396 0
431 883 635 0
1205 694 485 1
1309 1411 110 1
677 741 114 1
698 531 456 0
550 830 342 1
482 1310 1779 0
524 1102 306 1
706 1469 579 1
1386 427 619 0
266 1077 146 1
407 531 180 0
163 345 575 0
4 578 177 1
1284 1112 621 1
443 754 290 0
1493 302 1557 1
379 1378 691 1
133 153 704 1
922 1493 335 1
164 622 580 1
342 805 9524 0
554 1242 585 0
1469 88 4144 0
1067 377 250 0
177 1200 8542 1
843 321 271 0
1034 755 425 0
1278 267 110 1
90 1434 587 0
973 1192 4928 0
258 1179 79 0
993 1347 24 1
949 1304 612 1
1086 315 385 1
351 34 345 1
738 663 203 0
941 1042 726 0
874 156 5502 1
1454 826 21 1
418 1006 354 0
295 745 125 0
32 958 48 1
976 206 284 0
62 1278 533 0
354 1210 499 1
1456 266 514 0
1089 562 683 1
998 1076 37 1
1404 1384 507 1
491 1325 161 0
1470 711 8884 1
1167 266 431 0
1386 545 252 1
583 637 6664 1
242 750 717 0
1264 696 220 1
398 463 2732 0
54 265 133 0
1043 363 481 1
254 461 414 0
942 730 1403 1
1422 323 1288 0
15 946 4437 1
1264 206 22 0
542 982 652 1
381 871 638 1
1077 1056 37 1
1105 1116 167 1
308 1388 444 0
33 1302 452 1
656 975 654 1
235 1076 1031 0
951 497 180 1
1182 1227 595 1
870 958 279 1
611 994 5222 1
1397 1099 7158 0
818 717 4348 0
152 156 6452 1
223 1347 508 0
632 932 529 0
1153 1022 9067 0
124 456 953 0
524 290 5260 0
1031 1014 101 1
234 470 114 0
773 576 5757 0
161 137 9869 1
971 604 86 1
405 1161 304 0
548 1121 279 0
186 1346 471 1
1233 1323 413 1
1202 872 11 1
1424 1419 32 0
735 190 557 1
773 588 487 0
1008 478 100 1
1079 169 725 0
430 459 274 0
798 1447 400 0
225 182 693 1
1111 1325 9250 1
1493 1210 191 1
617 327 157 0
771 872 298 0
1346 1006 224 0
854 720 331 0
650 400 499 1
2 1111 319 0
1455 1253 636 1
273 454 166 1
891 1383 1433 1
231 235 415 1
276 966 202 0
1499 681 2922 1
874 1009 616 0
45 133 464 0
164 783 9 0
1394 130 2126 1
756 1301 614 0
166 535 235 0
183 1302 608 1
917 1300 703 1
1230 1255 164 0
394 1105 2571 1
55 169 557 1
1118 736 180 0
245 743 471 0
1473 1161 439 1
1063 1110 2429 0
591 1103 4674 0
690 1309 373 0
684 22 424 0
729 863 345 1
1261 1491 551 0
47 213 8857 0
432 1228 336 1
725 530 595 1
463 1467 2681 0
1485 891 252 1
363 256 130 1
1315 1120 106 1
238 424 442 0
1416 23 9826 0
430 1149 401 1
514 1040 723 0
929 596 299 1
945 31 5858 1
1379 148 485 0
424 540 9945 1
1289 986 302 0
1336 1418 8863 1
110 321 460 0
742 16 6380 1
423 236 8047 1
861 247 15 1
504 528 619 0
514 844 4199 1
419 143 540 1
1215 1335 659 0
742 1060 2734 1
1241 1406 343 1
61 1400 722 0
420 1307 279 1
387 786 453 1
1288 873 5928 0
1128 455 591 1
1119 457 450 1
1369 991 690 0
13 1098 6989 0
311 1183 2656 0
408 1020 631 1
580 1090 601 0
930 900 234 0
507 580 69 1
486 11 166 0
473 10 9006 1
460 1308 273 0
88 646 592 0
563 436 17 0
319 1066 701 0
583 655 301 1
212 1174 217 1
454 868 4582 0
1457 1271 131 0
987 1024 4958 0
1064 537 304 0
759 1237 653 1
567 1195 461 1
1497 1223 277 1
666 1470 2827 1
1097 1483 669 1
638 663 1893 0
1439 462 18 0
993 1222 57 0
820 379 625 1
412 825 35 0
498 1373 3171 1
447 186 501 0
978 944 178 0
1181 406 299 1
1412 396 9632 1
553 1316 325 0
1235 179 5884 0
192 1211 2936 1
162 952 367 0
1245 860 331 0
705 725 456 1
803 1112 545 0
398 352 6942 1
1200 516 3058 0
1376 764 1345 1
928 48 184 0
464 80 2138 1
1047 981 177 0
1404 811 151 0
1437 292 237 1
1031 582 4189 0
701 725 5722 0
812 1343 9758 0
552 1099 349 1
59 247 459 0
1283 528 249 0
195 680 390 1
833 858 600 0
152 356 7605 1
679 695 5933 0
1048 210 4402 1
252 229 6924 0
1351 461 574 0
1009 1141 431 0
1424 1470 381 0
1402 618 678 0
750 1449 77 0
1104 1485 843 0
1005 85 2858 0
765 1372 321 0
1222 851 7007 0
1008 529 295 0
524 553 539 1
58 1411 8852 0
637 559 231 1
66 124 352 0
268 294 612 0
1393 447 3901 0
1042 677 3728 1
820 1394 512 1
1490 1006 239 1
1381 862 298 1
70 490 649 1
589 1216 8452 0
1458 1051 8612 1
795 695 2997 0
1342 787 59 0
1129 740 2401 1
738 392 9830 1
778 700 26 0
419 65 607 1
1488 913 509 0
515 456 8560 0
1037 1495 683 0
107 772 35 1
181 1176 480 0
1172 225 3236 0
1310 183 4151 1
1052 787 517 0
1388 13 7521 0
647 1412 666 0
743 169 627 0
1087 819 397 1
218 25 3981 0
601 563 672 0
1071 1107 539 1
583 310 558 0
370 877 9085 1
384 230 442 1
1434 706 9558 1
1255 519 437 0
925 251 218 1
1079 441 1114 0
1215 585 4555 1
679 730 411 0
793 1026 497 1
987 123 6090 1
697 1454 326 0
178 348 9990 1
827 1000 172 1
511 875 110 0
302 778 340 1
535 273 276 1
14 834 344 1
384 1097 717 1
727 900 48 0
795 1430 219 0
1357 492 5247 0
204 1040 716 1
412 1477 5327 0
1097 700 239 1
913 194 9346 0
1400 1082 595 0
470 750 6527 1
524 1398 7434 1
1491 921 679 1
606 834 448 0
328 827 73 0
1457 907 30 1
480 193 8797 0
1088 1467 581 0
973 565 139 0
1291 1157 8478 1
1189 402 9297 0
117 677 536 0
12 1265 7793 0
1130 227 3123 1
1380 1469 195 0
1319 582 7353 0
1172 131 5193 0
701 1041 242 0
1247 454 9397 0
926 808 9472 1
439 116 448 1
1397 185 710 0
731 1476 9110 1
229 2 3549 1
1014 1234 382 0
1115 1140 524 0
1280 499 489 1
525 1306 1620 1
61 986 9767 1
204 954 349 1
323 265 501 1
1428 1101 443 0
243 1282 588 0
912 772 210 1
969 1007 7385 1
1316 272 367 1
244 506 9156 1
543 1081 33 0
1059 663 219 1
1178 1459 632 1
711 950 464 0
1397 624 536 0
159 125 9503 1
1015 1002 1784 1
1468 1482 158 1
70 1364 223 0
1195 1146 1658 1
997 762 583 0
591 908 673 1
1254 1073 8028 1
1254 651 9160 1
282 1033 695 0
1405 525 708 1
1130 80 5139 1
637 91 264 1
1391 799 464 1
1168 1363 388 1
1454 1380 4952 1
1057 44 383 0
129 229 383 1
2 1297 343 1
432 558 0 1
873 800 2851 1
829 687 559 1
1296 1418 130 1
420 618 1766 1
796 95 6117 1
222 46 5498 1
1295 963 63 0
1144 1447 452 1
63 691 383 1
913 797 76 1
1222 825 5831 1
309 240 691 1
1330 1195 468 1
1100 848 484 0
1136 834 169 1
956 45 275 0
1328 986 9907 1
1466 632 56 0
437 1206 718 0
499 394 481 1
401 993 611 0
50 850 94 0
697 714 3199 0
1206 1045 126 1
466 41 542 1
1199 1186 443 0
125 511 1573 0
1299 1012 13 0
246 344 4617 1
1032 1359 274 1
503 294 9734 1
875 1318 1152 0
663 243 247 1
1228 1114 75 1
190 147 596 0
802 22 119 1
1079 1191 372 0
1219 1236 3530 1
1440 320 201 1
854 152 137 1
997 341 134 1
502 19 135 1
527 865 147 1
938 1270 412 1
1028 17 282 0
955 1421 469 1
188 1076 8243 0
604 1129 619 0
171 137 520 1
1018 551 200 1
661 596 2283 0
1095 374 366 0
1365 960 380 0
436 708 308 0
318 902 139 1
265 1375 380 0
887 1325 434 1
1061 512 4655 1
976 1166 6412 0
1081 1420 127 1
302 595 177 1
1172 742 641 0
951 790 576 1
118 909 647 0
522 329 127 1
1490 1282 68 1
1019 476 551 1
1398 1422 166 1
1187 1111 2085 0
780 304 417 1
1073 686 93 1
139 207 2397 1
134 127 660 0
1108 462 550 0
769 487 1199 1
219 1419 355 1
1194 508 615 0
1015 70 3289 1
1042 228 50 0
271 49 36 0
906 761 3569 1
992 995 1020 0
1377 715 5753 1
256 1400 308 0
934 334 679 1
764 1093 9122 1
1117 891 470 1
490 507 430 1
1385 883 322 0
259 1327 7730 0
1083 414 355 1
921 1362 2739 0
429 973 104 0
955 78 287 0
451 236 81 0
1310 775 9216 1
1459 1374 126 0
1028 974 209 0
447 983 481 0
185 1211 1767 1
101 599 453 0
845 144 90 0
1395 475 7366 1
143 299 234 0
754 867 211 1
1434 27 108 1
730 1359 592 0
1066 473 313 1
1287 1309 385 1
1008 1364 531 1
1226 744 50 0
593 65 8544 0
1330 242 531 1
1239 1178 15 0
492 647 43 0
869 327 94 1
1244 192 831 1
244 1222 422 1
1400 953 5883 0
602 250 5599 0
491 770 644 0
200 379 619 1
290 55 83 1
1497 753 5137 0
1126 1096 361 0
24 1282 525 0
1070 520 315 1
1206 1170 358 0
63 160 151 1
321 785 226 1
997 404 693 0
755 1311 3749 1
1224 607 7104 0
1423 1280 605 0
574 1476 214 0
515 784 3746 0
1332 251 330 0
516 1421 310 0
1135 1166 378 1
369 1104 407 0
647 511 205 0
143 208 107 0
607 236 30 0
473 1350 129 1
1416 16 523 1
167 1378 3264 1
88 499 402 0
1472 8 402 1
200 62 667 1
1421 592 101 1
1020 326 3232 0
1430 481 58 0
354 543 169 0
878 958 3446 1
518 1100 7316 1
325 1422 647 0
530 1272 544 0
841 836 8389 0
63 953 2515 0
1406 1307 6214 0
1029 661 639 0
125 141 597 0
1115 340 667 1
1045 957 455 0
1442 1340 3265 0
1410 1074 26 1
428 82 705 0
782 617 232 0
1182 1091 543 0
1274 1327 723 1
258 1300 6869 1
736 1180 8543 1
718 897 2694 1
959 411 597 1
164 103 656 1
1091 1484 560 1
1432 919 3563 1
679 321 4928 0
680 20 600 1
708 1421 114 0
220 386 3004 1
1190 267 492 1
688 457 8311 1
1418 1315 288 0
1173 494 163 1
357 1294 710 0
616 746 301 0
7 1398 150 0
1466 683 595 1
1130 675 568 0
804 957 337 0
657 1112 726 0
753 700 694 0
1307 988 586 1
776 233 290 0
871 1248 685 1
64 322 2229 1
139 917 7484 0
1376 1046 97 0
61 43 5923 1
291 1037 315 1
1129 746 163 1
44 1378 623 0
879 1471 2308 0
1 94 631 1
368 1128 98 0
44 1349 2739 1
464 1352 1136 0
545 128 352 0
1241 150 198 0
1398 520 356 0
969 0 259 1
1331 68 11 1
687 1334 154 0
299 375 4138 1
122 956 6382 0
1343 1499 108 0
425 1246 372 1
958 129 331 1
323 1006 1517 0
1198 330 67 0
1248 1115 21 0
273 1169 2862 0
909 1421 659 0
907 1341 932 0
228 214 157 1
1294 950 517 0
1289 843 635 0
1099 311 455 1
1355 331 643 0
1287 509 536 1
70 235 9017 1
393 1052 647 1
1243 1195 61 1
1157 716 362 0
1156 221 575 1
525 1345 2003 1
1326 570 6083 0
158 376 397 1
178 1014 241 1
773 961 5159 0
1195 1291 493 0
872 1363 414 1
239 948 7704 1
1021 141 188 0
143 456 5196 1
524 848 220 0
1052 373 532 0
45 163 120 1
973 1366 197 0
452 1274 119 1
413 81 198 1
865 357 5186 0
880 666 301 0
1140 847 384 0
775 1034 6158 0
1051 742 524 0
611 141 7737 1
1272 749 604 0
306 972 486 0
840 911 643 0
635 1045 5539 1
910 1374 220 0
1208 192 619 0
607 1266 447 1
29 852 624 0
477 674 5403 0
473 990 8786 0
1111 604 96 0
728 385 507 0
1041 637 378 0
1086 1337 583 1
1232 86 8566 1
1302 17 28 0
1200 718 5855 0
323 552 394 0
980 337 7623 1
716 256 4805 1
908 764 8384 0
1003 470 350 0
411 967 128 0
998 258 48 1
1481 1204 477 1
809 283 545 0
649 942 4919 1
1432 1343 456 1
1289 1477 352 1
460 956 1318 1
1307 61 655 0
53 1135 578 1
404 671 6477 0
313 957 657 1
1091 468 16 1
311 413 610 1
1186 1187 230 0
430 916 527 0
24 460 7947 0
1183 108 7783 1
1029 588 3714 1
921 279 150 0
83 1215 502 1
61 1287 50 1
806 1329 623 1
440 331 466 1
542 1480 620 0
1104 348 133 1
549 353 124 0
540 1050 293 0
396 334 355 0
1476 59 8471 0
1148 635 43 0
432 11 73 1
1151 1381 622 0
993 6 171 1
1256 1488 24 1
14 959 1 1
928 1031 171 1
1413 1064 284 1
125 1281 6024 1
709 561 9500 0
1029 321 139 0
1036 878 123 1
334 1004 620 0
750 412 709 0
513 1140 2645 0
51 1124 7917 1
34 95 559 0
1074 1428 84 1
1156 475 267 1
1089 875 186 1
851 1314 384 1
1487 1030 173 1
1048 211 565 0
353 809 23 1
297 1198 676 1
544 898 236 0
227 25 306 1
452 1338 336 0
183 415 12 1
1061 91 615 0
1410 429 6907 1
247 142 234 1
94 1239 3914 1
1085 826 1166 0
445 859 5657 0
446 574 554 1
164 743 5510 1
184 562 8501 1
427 646 7529 0
638 135 3803 0
1479 352 65 1
1383 1105 242 1
1420 1148 228 1
854 385 3444 1
944 60 186 1
709 832 173 1
1335 381 42 1
148 927 4743 0
1450 434 340 1
853 220 266 1
700 944 588 1
1439 99 442 1
714 103 693 1
580 607 3949 1
1345 1222 534 0
1217 785 576 1
823 439 404 0
312 1123 8898 0
827 1470 318 0
1279 1236 343 1
788 445 138 1
1192 980 240 1
824 1312 3190 1
909 289 91 1
1189 321 120 1
342 983 2800 0
505 620 363 1
1187 1382 5887 1
1015 1030 157 0
595 547 445 0
538 1309 50 0
797 362 579 0
176 123 681 0
50 363 717 0
976 525 685 1
1100 1109 493 1
1452 889 94 0
843 379 9368 0
753 283 4346 1
536 45 9856 0
1489 1418 6945 1
430 851 414 0
1035 318 17 1
615 1381 278 1
781 1211 364 1
268 1240 664 1
247 1081 290 1
72 156 243 0
962 1487 4210 1
799 721 7241 0
765 929 2809 1
93 1293 541 0
132 1464 475 0
1464 1489 207 0
472 906 148 1
522 887 1576 1
102 599 5580 0
759 685 177 0
748 1480 117 0
1452 266 7843 0
1137 543 498 1
30 871 92 1
332 505 8688 0
700 377 1831 0
345 187 5518 1
1232 103 221 0
268 545 6274 1
348 263 3901 0
1290 586 358 0
354 180 7271 1
121 925 8850 0
1271 815 261 0
1476 474 193 1
143 775 695 1
1213 1264 211 1
404 321 518 0
205 1408 672 1
866 1142 471 0
1229 762 717 0
1015 988 456 1
41 1366 626 1
249 701 2025 1
989 603 78 1
947 892 195 0
569 338 172 0
896 1105 8671 1
1021 981 671 1
1383 1284 453 1
1257 883 7449 1
1140 1223 538 0
27 146 382 1
728 1114 271 1
395 451 133 0
1338 299 405 0
765 223 295 1
653 407 3491 0
39 114 131 0
1235 935 5 0
719 502 546 0
1146 1472 505 0
219 1441 79 0
1043 159 130 1
863 10 562 1
840 1350 551 0
1141 1215 245 0
65 1019 714 1
72 1328 447 0
259 1209 7727 0
522 1302 418 1
622 577 314 1
505 18 1457 0
1209 529 512 1
952 1182 10 1
295 43 718 1
1400 449 3910 0
409 763 533 0
1215 1264 4562 1
1027 1325 4567 1
674 751 543 0
1057 340 147 0
1336 1483 427 0
1049 398 6247 0
1059 977 107 0
159 83 3826 0
1268 989 4356 1
1020 367 9854 0
235 840 339 0
512 920 9543 0
1163 83 206 0
498 1179 506 0
653 85 596 1
1096 326 595 0
28 708 655 1
4 540 677 1
352 266 8415 1
235 939 6359 1
1445 1227 6259 1
1132 11 6198 0
150 858 581 0
210 558 634 0
309 823 108 1
1452 187 404 1
1009 1087 593 0
44 214 662 0
228 283 3289 0
348 290 3461 1
1265 173 6758 0
938 217 1453 1
1135 1261 1437 1
92 1259 4369 1
521 1427 3178 0
612 351 365 0
597 657 675 1
570 1273 544 1
1280 440 348 0
33 385 101 0
1111 1034 5761 0
654 1134 433 0
1198 163 542 1
1396 375 6673 0
974 424 510 1
825 806 462 0
198 427 644 1
1007 816 556 0
570 889 9590 1
1194 378 7104 0
1184 43 516 0
126 941 420 0
967 932 9370 0
184 128 1595 0
1331 963 425 0
982 1327 6900 1
345 1196 4678 1
506 1080 647 0
1384 106 604 0
1166 367 4094 1
1408 1226 348 1
1247 928 683 0
1290 514 9189 1
1173 448 337 0
997 1363 683 0
127 269 446 0
1435 576 365 0
875 1288 5883 1
278 345 514 0
492 366 723 0
1130 267 646 0
1367 1016 7518 0
1330 1394 78 1
801 193 128 0
188 625 623 0
345 385 441 0
1336 323 9805 0
1132 146 7948 1
260 39 1379 1
857 171 577 0
103 307 365 1
385 1000 10 1
595 560 396 1
519 200 234 0
344 1462 134 1
1216 809 493 0
1477 795 367 1
135 1155 434 1
21 1295 238 0
383 1201 845 1
651 1322 403 0
710 1240 8109 1
820 480 445 0
1282 793 7089 1
291 1303 267 1
1370 1458 436 0
1079 539 434 0
755 677 3830 1
1123 461 718 0
1071 403 3720 0
1417 1365 39 1
530 1319 1426 0
1416 256 392 0
9 926 499 0
842 887 176 1
1099 533 216 1
838 767 543 1
443 668 659 0
773 694 2258 1
416 1167 199 0
147 432 3444 1
615 536 507 0
1447 358 4685 1
790 1331 113 1
1491 1181 8644 1
1241 1141 280 1
351 287 7466 1
949 645 250 1
62 1204 454 0
920 1341 443 0
169 1053 252 0
276 14 9277 0
101 1156 320 1
37 1310 8734 1
1489 14 356 1
185 413 173 0
1201 1079 434 1
442 106 3271 1
1497 765 2026 0
712 848 6 1
63 143 91 0
1092 563 224 0
511 1273 633 0
1382 1240 9331 0
755 874 646 0
530 428 361 1
878 399 260 1
1136 175 719 1
407 228 5353 1
1287 1475 376 1
96 1449 651 1
848 1492 7167 0
419 73 6899 0
573 1118 453 1
902 582 165 1
4 410 3863 1
8 332 2 0
853 1171 507 1
170 178 517 0
282 488 503 1
1020 719 1368 0
1382 945 612 1
1176 421 641 1
311 1035 570 0
688 382 1983 1
1323 38 630 0
1016 999 7490 0
352 748 490 0
950 322 668 1
65 605 5328 0
905 480 389 1
483 218 544 1
1249 602 91 0
917 368 92 0
917 1412 16 0
752 859 700 1
830 155 8680 0
95 1177 9971 1
6 1403 299 1
614 1181 5384 0
976 620 538 1
433 428 713 1
633 48 133 1
1457 1428 46 0
742 776 25 1
1108 1349 322 1
1365 482 479 0
1311 344 403 1
542 809 336 0
1070 920 629 0
697 828 7492 0
1262 921 496 1
1372 854 715 1
1477 1267 97 0
42 1062 10 1
296 917 4729 0
127 528 160 1
580 1205 279 0
1333 82 8777 0
751 57 2824 0
1257 368 297 1
307 123 715 1
1252 101 1241 0
437 925 549 0
860 798 3726 0
102 990 447 0
66 820 695 0
537 722 251 1
281 915 1584 1
1111 1204 3713 1
228 23 595 1
989 384 479 1
1183 124 482 0
330 11 477 0
695 1350 515 0
972 758 12 1
546 1297 152 1
1215 1050 340 1
377 794 9554 0
1270 387 8888 0
1215 1004 529 0
232 677 484 1
377 553 492 0
780 830 158 0
636 718 9086 1
554 1101 98 0
298 62 8055 1
184 924 8266 0
926 1080 9766 1
497 146 375 1
963 1391 340 0
1015 1055 432 1
1058 26 533 0
1385 1285 498 1
371 1268 270 1
598 1433 712 1
1372 913 271 1
1325 872 691 0
1046 723 506 0
1297 201 154 1
594 885 707 0
466 113 33 0
1202 530 588 0
308 829 646 0
1035 1228 671 0
866 1167 362 0
199 381 2888 1
1056 358 176 0
215 747 1206 1
1402 235 98 0
20 1346 124 0
579 941 189 0
131 729 6091 0
1484 828 34 0
606 416 378 1
17 1031 973 0
23 847 430 1
272 1413 726 1
518 314 195 0
454 169 206 0
475 1215 1617 1
687 360 55 1
1095 340 555 1
428 1265 319 1
104 1155 540 1
1456 964 9362 0
671 487 627 0
1040 1323 4202 0
740 1158 684 1
1260 197 453 1
988 668 393 0
707 34 210 1
1381 619 36 0
419 462 129 1
349 502 205 0
184 1135 7596 1
15 5 725 0
48 232 341 1
819 838 326 1
306 409 456 0
1254 5 232 0
550 1109 248 1
286 1460 585 1
873 379 7871 0
1198 640 574 0
410 896 130 0
511 1064 412 1
255 631 45 1
1076 747 7332 0
803 1330 523 1
739 611 150 0
936 161 543 0
941 22 450 0
778 755 286 0
1359 1371 3183 0
997 1278 1631 1
483 1111 88 0
1187 586 318 1
698 1429 7469 1
5 1000 1321 1
1125 421 305 1
235 1281 171 1
1196 2 7811 0
968 1105 8368 0
524 1152 9771 0
424 433 539 0
244 964 498 1
37 1318 111 1
1292 877 420 0
911 1157 462 1
52 405 4107 0
462 117 312 0
491 938 558 1
1096 358 623 0
29 451 333 1
1291 662 4401 0
56 1111 8732 1
1026 828 720 1
780 269 1237 0
748 1030 711 0
739 1198 8398 1
1200 1088 694 0
390 449 677 0
1144 642 319 1
1465 1192 121 0
1475 1402 701 1
888 1090 4539 1
761 568 221 1
122 272 440 1
949 923 4302 1
9 917 115 0
1452 550 66 0
747 701 5386 1
216 1154 78 1
324 1121 101 1
826 1043 3709 1
968 1268 5969 0
1378 339 5262 1
1200 1007 186 0
1255 1174 248 0
342 1016 8889 0
703 1123 692 0
1425 236 305 0
790 62 301 0
960 811 366 0
367 83 236 0
633 555 9706 1
1269 287 6129 1
1323 690 448 1
1200 1408 4299 1
318 819 72 1
349 993 276 0
499 270 8364 0
1236 379 559 0
362 850 257 0
973 1131 7152 1
1072 547 475 0
262 176 476 0
298 369 574 0
294 695 9981 0
16 1065 19 0
512 519 7437 0
1370 1079 35 0
966 232 207 0
521 717 9131 1
920 1209 572 0
342 192 3358 0
114 1290 634 0
1464 1012 671 1
1140 208 421 1
1033 898 9956 0
121 1492 224 1
40 418 6356 0
1001 1076 15 0
444 1164 147 0
1169 782 165 0
715 338 314 1
839 760 6227 1
1283 1231 171 1
738 92 234 1
155 1490 1276 1
703 6 450 0
1309 186 63 1
1199 1061 95 0
202 234 5935 0
1413 552 528 1
388 921 588 1
496 612 51 1
1406 734 687 1
532 111 264 1
431 734 442 0
489 734 573 0
1039 376 367 1
346 417 300 0
280 1180 152 0
869 571 228 1
1324 1016 552 1
110 83 351 1
336 665 168 1
213 450 1686 0
1141 694 666 0
179 1119 52 0
65 1088 84 1
1179 1309 47 0
463 1458 21 0
1256 542 1599 0
457 575 2990 1
76 1159 265 0
67 42 372 0
1029 1366 79 0
213 334 4256 1
1290 1289 129 0
1191 792 338 0
766 1049 1514 0
1466 873 357 1
784 926 21 1
1219 395 3091 0
1041 413 29 0
764 93 501 0
1237 1105 666 1
1498 593 325 0
639 155 9216 0
950 32 677 1
1119 1164 511 1
878 873 6432 0
1093 1411 3573 1
989 602 691 1
44 229 331 0
975 438 267 0
343 264 619 1
1220 711 74 0
110 429 9542 1
1013 227 4830 0
1391 1239 9170 1
1077 493 301 0
1290 1284 6576 0
80 1237 5 0
318 1065 253 0
314 825 660 1
646 268 515 0
609 577 648 1
13 542 91 0
1196 215 599 0
944 413 67 0
856 27 621 0
78 11 8872 1
1269 691 67 0
48 897 359 0
870 1147 409 0
1282 93 8651 1
311 768 1715 1
512 534 5325 0
823 1306 600 1
553 818 459 1
794 653 1 1
422 908 129 0
634 1332 206 1
1247 1288 696 1
585 1162 6355 0
301 49 522 0
858 232 7923 0
1337 457 531 0
1153 919 584 1
1385 361 2749 1
150 1375 60 1
789 1174 7232 0
580 937 351 0
485 437 69 1
40 1335 175 0
737 98 4199 0
1044 133 9239 1
283 1478 1733 1
832 267 6603 0
93 521 557 0
1006 897 474 0
806 17 636 1
1061 1451 348 0
457 562 428 0
346 965 378 0
1123 867 564 0
99 152 5793 0
1311 544 560 0
611 309 4455 0
464 320 482 0
1369 206 55 0
952 679 567 0
1259 1158 1 1
990 826 385 0
1269 216 488 0
1397 1396 4028 0
134 758 53 1
1249 507 310 1
409 923 8596 1
399 317 305 0
256 1013 6411 1
130 1053 228 1
964 1330 311 0
1194 1030 516 1
177 125 549 0
885 747 407 1
889 1367 7427 0
241 1465 399 1
625 98 4110 0
1172 298 663 1
300 279 9091 1
21 1215 4747 0
1223 581 130 0
760 46 4063 1
185 1405 5350 1
1414 1428 534 1
1023 1457 144 0
668 477 407 1
415 244 459 0
443 1156 374 1
795 426 7857 1
1073 575 736 1
234 493 41 0
582 651 496 0
1000 942 1686 0
483 1173 621 0
1453 323 106 1
1450 523 3415 0
1145 418 7459 1
269 1118 369 0
877 1092 327 0
1116 943 6917 0
518 1268 241 1
1000 1145 456 1
331 496 5416 0
1109 474 210 1
1004 506 440 0
915 1107 131 1
467 216 3879 0
314 1442 606 1
1333 1075 459 1
184 841 526 1
160 92 665 1
126 342 410 0
33 133 486 0
234 1257 189 0
685 1277 398 0
1455 366 9624 1
756 1019 576 1
471 1201 997 1
591 544 5458 1
507 407 464 1
1096 547 2752 0
40 908 3527 0
1182 745 53 1
337 1324 9075 1
311 1372 14 0
602 845 5257 0
1223 729 1252 0
168 404 326 1
1312 1352 29 1
896 187 588 1
1086 291 7146 0
949 607 531 0
1088 574 6890 0
1124 725 227 1
4 485 577 1
1420 1023 301 1
1216 369 559 1
312 1210 78 0
731 113 5800 1
1467 175 227 0
1456 31 536 1
847 792 9421 1
511 703 1020 1
375 981 265 0
323 46 2519 1
217 1348 438 0
1254 119 6328 0
342 1011 12 1
512 460 4420 0
288 835 508 0
798 740 6291 1
370 1367 2470 1
967 434 8771 1
389 1052 9991 1
1367 284 392 1
955 141 215 0
557 389 323 0
1460 1306 1335 1
836 1027 442 1
611 1181 4890 1
1047 1379 168 1
994 230 3819 1
1411 985 644 1
184 602 399 1
368 602 672 1
799 439 6547 0
1277 859 112 1
1294 685 337 0
1142 1006 4679 1
504 365 701 0
315 476 362 0
33 222 637 1
1162 342 7490 1
618 247 5409 0
626 999 3043 0
565 15 210 1
1023 866 526 0
673 687 689 0
507 1495 265 0
134 350 660 0
613 1382 150 1
860 1195 4423 1
999 425 282 1
850 320 342 1
1386 835 2430 1
1362 313 284 1
1127 814 2681 0
501 453 612 1
211 370 191 1
385 634 35 1
1272 57 263 0
1001 708 423 1
595 222 557 1
1485 1442 2931 1
1107 156 175 0
290 952 9996 1
3 1149 447 0
1356 1293 1615 1
1429 1272 673 0
793 1328 569 1
1117 1114 576 1
995 607 545 1
1072 310 4245 1
47 1269 225 1
659 1315 8549 0
966 803 1687 1
496 1117 466 0
1106 218 207 1
144 1051 179 0
408 1003 8170 1
317 1185 602 1
1086 1493 3628 1
1487 351 435 1
268 1078 564 1
1365 13 6398 0
1486 408 271 1
57 1304 601 1
87 924 259 1
949 505 712 0
1026 1348 5760 1
574 849 542 1
1361 88 71 0
206 1228 275 1
770 1138 66 0
1370 395 285 1
1274 875 3401 1
712 885 307 0
494 1284 83 1
1486 1476 661 0
839 1282 687 0
1263 828 370 0
848 953 351 0
1182 134 135 0
445 1345 2261 0
1362 1045 357 0
927 511 266 0
786 739 3688 1
93 649 6801 1
1151 1365 247 1
8 1349 580 1
885 1416 352 1
1125 1286 10 0
397 915 645 1
99 606 537 1
604 400 667 0
1093 1174 574 1
180 866 2524 0
632 261 650 1
791 619 556 1
1470 532 2238 1
1425 1273 5189 0
677 1214 666 1
1363 1142 697 0
955 1198 131 0
808 1467 7238 1
1194 168 265 1
980 293 497 0
1223 992 371 0
1256 1436 300 1
1209 525 6416 0
971 318 104 1
141 562 335 0
959 823 235 0
1361 1234 358 1
152 496 589 1
1189 104 479 1
899 401 607 1
1378 863 238 1
87 690 580 1
298 947 109 1
993 368 209 1
306 887 236 1
629 120 247 1
244 1279 810 0
1385 1154 292 0
778 379 121 1
1250 1177 321 1
561 234 2312 0
990 655 62 1
216 772 276 0
333 797 177 1
1419 1280 2183 0
1031 956 58 1
217 1355 137 0
1198 1116 623 1
920 1071 2825 0
1453 979 8797 0
1378 132 206 1
114 442 547 1
624 158 604 1
1169 1364 619 1
1077 1497 272 1
403 1360 31 1
1098 1419 429 0
274 1492 9243 0
890 958 277 1
961 966 356 1
948 963 302 1
289 1019 396 1
1092 1499 400 1
657 1221 553 1
677 1305 5723 0
956 1359 576 0
265 1188 59 1
407 789 4621 1
1473 10 278 0
588 1374 723 0
470 1069 2329 1
644 626 195 0
995 1257 652 1
963 1411 1300 1
359 101 562 1
471 794 3530 1
28 273 1298 0
1272 631 8541 0
60 690 127 0
635 202 362 1
851 704 655 1
563 723 455 1
1244 1297 633 1
1303 302 619 0
345 231 711 1
380 430 163 0
1498 210 411 0
499 87 109 0
23 1184 307 1
771 1422 7909 1
1159 600 446 1
1152 154 713 1
1234 1424 69 1
154 797 9023 0
1031 1278 8795 0
808 698 305 1
521 331 396 1
127 1361 6399 1
1406 773 5643 0
791 519 50 1
1477 528 515 0
814 1123 6713 0
1091 826 320 0
1061 976 9912 0
64 129 823 0
258 776 320 0
631 595 241 1
330 1486 379 0
205 954 540 0
340 1412 498 0
1133 1214 630 1
989 734 231 0
539 676 566 0
1112 758 5303 1
1072 792 6737 1
1198 516 408 1
241 1219 6019 1
806 832 1464 0
653 1255 267 0
996 853 5065 0
638 1046 595 1
1446 359 1468 1
824 1203 194 0
821 1406 7698 0
701 1243 303 0
342 842 416 0
1134 852 1311 0
1070 304 552 0
1059 707 316 1
1039 888 236 1
1310 890 4939 0
157 676 163 1
1491 1252 658 0
331 420 1456 1
881 1276 466 0
786 1149 58 1
811 354 2550 1
830 249 638 1
763 697 4419 0
1284 1146 7420 1
1469 1268 666 1
218 726 277 0
718 683 355 1
666 1477 1669 1
1297 274 6052 0
801 654 685 1
85 1390 723 0
1275 541 462 1
224 1452 1591 0
578 26 253 0
1089 528 6219 0
495 138 597 1
1208 433 711 1
151 213 271 0
1318 1395 7825 0
266 1367 18 1
1387 1363 574 1
394 578 356 0
238 896 199 1
1344 236 420 0
933 265 572 1
1003 1083 6890 0
795 930 212 1
261 1177 240 1
957 371 1043 1
866 193 3778 1
1357 1452 8122 0
99 1488 451 1
243 1051 7995 1
1469 1387 202 0
459 82 574 1
997 642 1458 1
230 883 240 1
903 446 3980 0
1304 1358 271 0
965 108 8586 0
747 172 4995 1
1155 569 9676 0
417 1194 8391 0
747 294 107 1
999 1483 1810 0
1340 52 486 1
678 279 633 1
82 1035 409 0
609 138 1611 0
1489 0 288 1
1003 1436 1005 0
634 1305 183 0
708 136 465 0
197 756 606 1
251 6 616 1
1210 127 308 0
871 1009 87 0
1492 1186 66 0
830 193 4444 1
1328 802 7579 0
164 600 25 0
889 1458 7276 1
1112 363 181 1
1378 79 479 0
774 1461 4009 0
334 108 392 1
1047 292 267 1
1127 168 4948 1
420 534 8480 0
748 1016 225 1
981 257 73 0
1294 665 587 0
685 1052 207 0
982 1241 586 0
1279 386 83 1
810 209 313 0
1066 805 435 1
1035 564 2447 0
469 0 145 0
1436 503 135 0
1498 32 291 0
842 389 303 0
1308 1486 7245 0
420 50 507 1
312 87 125 1
922 106 75 0
1342 445 625 1
905 490 275 1
249 227 568 0
922 88 514 0
620 202 5623 1
559 882 379 0
937 302 2892 0
720 601 31 0
115 1353 425 0
705 188 340 1
1087 996 635 0
397 404 288 0
47 669 383 0
1416 18 233 1
457 1333 373 1
732 457 217 1
1032 1436 721 1
301 269 528 1
666 607 154 1
1420 279 221 0
1122 1113 6819 0
1037 724 4917 1
138 533 8071 0
183 1166 7918 0
1000 525 7490 1
1303 1300 4042 0
3 1250 607 1
238 115 256 0
1108 178 342 1
870 823 2229 0
397 1107 9854 0
1234 811 4195 0
320 971 180 1
1111 686 4350 1
307 1205 7077 0
1441 1206 8450 0
492 1068 2106 1
760 1435 360 0
1237 1251 8784 0
1362 1076 168 0
370 1158 5916 0
76 299 21 0
1089 1216 678 1
924 1407 4579 1
1402 109 207 1
1463 1245 9434 0
1383 945 712 1
970 680 616 1
1040 397 2074 1
523 652 40 0
284 225 1041 1
471 958 149 1
1307 1498 8743 0
225 1136 87 1
1113 527 89 1
850 434 632 0
960 1125 5172 0
1079 531 375 0
248 962 899 0
661 582 5978 1
355 436 398 0
1351 15 612 0
1414 825 4063 0
1051 731 2945 0
1071 228 424 1
642 1112 434 1
256 384 8172 1
832 1147 337 0
708 806 176 1
1217 1286 526 1
770 372 7035 0
285 1148 3774 1
255 1004 3753 0
1439 552 7997 0
727 786 174 1
159 1198 446 1
1385 118 453 1
1423 180 300 0
1063 1336 677 1
347 276 334 1
128 1398 92 1
1363 154 5140 1
539 1074 46 0
1369 703 630 1
1266 103 95 1
1359 639 6526 1
490 1153 5311 1
763 801 6063 1
1317 519 2349 0
869 243 205 1
102 1314 81 1
153 127 3998 1
726 1230 680 1
558 111 1097 0
900 656 399 1
1392 732 116 0
247 899 2062 0
326 256 28 0
1110 1331 320 1
255 1411 524 1
960 1178 426 1
459 341 1475 0
463 989 650 1
1220 1285 623 1
1364 1106 687 1
938 1185 215 1
261 653 674 0
1258 129 606 1
215 212 702 1
96 41 14 1
1082 1369 24 1
183 905 630 0
472 1409 587 0
66 1202 573 1
334 460 5176 1
266 1139 119 1
1157 690 523 0
1435 651 220 1
721 1149 414 0
231 798 525 1
1169 555 713 0
19 326 670 1
989 175 140 0
1323 946 168 0
706 96 42 0
924 782 4330 0
843 1093 9333 1
374 1416 9635 1
1305 1483 376 0
1360 1424 3799 0
505 869 461 1
164 1038 9417 0
1211 636 401 1
1021 1171 5776 1
581 397 557 1
1437 1086 542 0
355 1272 329 1
570 1158 128 0
136 1111 685 0
253 454 385 1
607 582 6836 1
986 385 4370 1
1118 1389 540 1
245 266 404 0
1478 1012 26 1
272 1356 398 1
40 36 630 0
873 586 186 0
1121 1182 412 0
1350 891 2572 1
148 1030 201 0
263 952 1461 0
1303 143 3969 0
1117 522 240 0
208 766 9060 0
492 715 56 0
388 463 691 0
1344 177 105 0
25 1249 107 1
142 404 5137 1
687 441 82 0
34 1057 167 0
1488 356 175 1
129 981 182 0
616 1175 7506 1
990 550 7903 0
813 557 91 1
1154 344 648 1
840 245 203 0
343 475 280 0
846 432 35 1
1434 578 547 0
541 510 413 0
40 390 228 1
628 542 189 0
842 454 10 1
1250 1044 5927 0
406 823 199 0
634 1154 142 0
1436 315 318 1
430 420 2808 0
714 644 112 0
329 704 560 0
405 41 408 1
1013 282 3265 1
777 1108 193 0
682 131 122 0
1101 250 618 0
885 181 6436 0
725 463 116 1
1018 834 499 0
1268 533 378 0
1409 1196 537 0
1439 1015 2883 1
781 916 412 1
739 1104 5288 0
19 1054 4415 0
1426 1424 8696 0
798 911 5190 1
1085 568 2858 1
1490 1093 20 0
1395 709 8547 1
1089 104 661 1
344 803 37 0
284 1217 198 0
59 1358 662 0
1059 948 373 1
160 10 718 1
521 1314 3336 0
350 414 580 0
1431 754 254 0
1407 1026 255 0
327 326 288 0
1492 473 407 1
224 113 213 1
478 1022 1833 1
1452 362 2006 0
824 1238 334 1
892 902 216 0
866 916 196 1
476 900 2721 1
277 80 68 1
466 1169 3596 1
1431 600 5290 0
567 45 618 1
534 380 48 0
54 845 8548 1
987 770 466 1
649 369 118 0
895 1043 64 1
496 529 5598 0
1123 625 304 1
1388 436 548 0
1417 794 4022 0
841 1238 5167 0
30 113 2382 1
715 315 701 0
191 1122 1165 0
1033 348 605 0
714 294 188 1
501 1006 214 1
145 807 307 1
264 46 9221 0
1337 878 3260 0
898 409 496 1
1076 1394 427 0
1355 295 6581 1
912 63 2703 0
764 1018 8233 0
596 623 466 1
149 539 665 1
876 940 634 1
1456 1492 196 1
572 684 234 1
1398 1150 1049 1
1008 1034 130 1
1468 1236 8007 1
1238 449 299 0
69 362 593 0
1131 111 202 0
1356 1359 9948 0
373 9 99 0
751 492 638 0
926 1116 708 1
126 829 774 0
545 166 3709 0
272 526 4100 0
1467 1073 1518 0
1364 1227 610 0
1319 1064 154 1
1452 1206 6734 1
1086 357 709 1
556 1043 7734 0
1272 1124 719 1
667 1104 532 1
654 473 614 0
941 512 198 0
25 194 7338 0
413 1264 593 1
1127 155 245 0
590 1053 715 1
139 6 5775 0
1189 1340 3453 1
496 1454 6838 1
807 1149 454 0
1463 32 146 0
1144 1473 1494 0
1186 7 525 1
193 420 8866 1
326 1043 260 0
346 304 4046 0
1149 130 384 1
573 622 41 0
344 434 345 1
809 491 285 0
72 978 554 0
938 1198 136 0
726 379 12 0
702 57 9649 1
761 292 469 0
1074 517 352 0
273 551 582 0
1348 384 517 0
1006 1368 271 0
76 295 7743 0
62 44 429 0
121 1124 734 1
258 28 7013 1
603 1480 7402 1
786 902 27 1
197 875 581 0
218 534 638 0
1476 784 612 1
629 879 479 1
733 476 308 1
1284 448 545 1
507 1020 7295 1
474 285 8613 1
558 810 377 0
122 1352 444 1
830 896 2533 1
335 530 715 1
336 1189 3676 1
470 640 7760 1
1466 1105 135 1
1101 501 2825 0
1285 1474 472 1
378 1018 461 1
1345 0 617 1
498 1236 184 0
1240 350 5211 1
1276 1270 4378 0
252 712 3165 1
663 1429 4646 0
338 1092 624 1
1240 559 601 0
919 1172 88 0
270 358 4831 1
459 78 126 1
1388 1317 379 0
1200 963 287 0
1433 1204 524 1
96 332 232 1
177 303 299 1
1351 743 340 1
744 287 270 0
1154 926 202 0
366 920 365 0
1006 367 3660 1
848 476 8393 0
1277 1318 697 0
1416 670 675 1
601 260 592 1
921 326 391 0
238 510 2181 1
1379 713 328 0
726 157 634 0
639 1261 555 1
1005 690 1421 1
1001 450 640 0
1107 493 6561 0
501 1055 2733 0
1052 959 5 0
973 1034 677 0
1309 508 195 1
175 889 45 1
160 635 636 1
378 524 9263 1
841 724 8657 0
905 234 2340 0
1419 1032 0 0
67 769 136 0
410 1350 20 0
581 522 2743 0
307 473 5838 0
206 1484 470 1
97 1427 480 1
661 1460 4875 1
101 65 187 1
475 1059 998 1
887 1222 292 1
447 706 567 0
152 206 534 0
115 501 646 1
258 1119 383 0
298 213 5821 1
736 365 14 1
1000 293 7693 0
1219 1291 183 0
987 1358 7690 1
1020 243 181 0
687 232 563 0
1310 1347 287 0
197 421 369 0
633 242 257 0
832 816 5396 1
875 1160 255 1
580 954 509 0
706 556 1 0
289 254 6761 0
715 723 388 1
1353 1272 72 0
631 673 182 0
1053 525 84 1
1282 914 129 1
606 1256 6274 1
679 637 1773 0
1451 242 702 0
1054 387 6951 1
1272 919 174 0
1332 836 9887 0
191 424 1777 0
1104 1397 6108 0
1173 1040 309 0
1313 635 102 0
1051 506 583 0
1478 754 358 0
258 279 211 1
493 1365 24 0
1100 11 3903 0
758 1223 687 1
133 604 412 1
460 125 475 0
634 340 407 0
313 1120 2727 1
18 59 56 0
820 481 1265 1
1388 1324 6514 0
1157 1142 20 1
902 499 341 1
39 903 559 0
811 138 6872 0
714 1306 1562 0
541 493 83 0
1371 1047 629 0
484 182 680 0
1004 578 5080 1
1400 275 7416 1
1479 1295 446 1
848 990 397 0
1274 510 7122 0
127 498 415 1
1443 744 632 1
305 672 7735 0
792 871 235 1
1364 72 8013 1
96 1254 30 1
1448 1000 407 0
1058 1273 715 1
202 558 297 1
1376 1117 470 0
809 1387 396 0
640 483 232 1
1073 1396 3029 1
993 871 8694 0
1442 824 400 1
1374 210 4819 1
1049 272 6934 1
181 60 5254 1
1316 1271 676 1
1014 218 594 0
710 588 542 0
1466 565 387 0
858 421 9109 1
1320 401 271 1
904 249 597 1
911 777 715 1
1353 754 6028 0
537 1257 5308 0
193 24 696 0
968 887 59 0
1410 672 681 1
122 39 1629 1
753 327 132 0
596 1387 50 1
317 1126 185 0
775 598 195 0
860 681 5958 0
512 1455 398 1
725 29 3395 0
742 1421 1244 0
296 380 533 1
602 384 217 1
1423 552 682 1
1167 546 473 0
1373 362 636 1
211 1169 513 1
924 668 568 0
1304 411 300 0
832 1469 323 0
886 425 693 1
1133 552 3062 1
1332 982 5731 1
1458 457 537 0
121 226 3126 1
1017 1361 670 1
133 873 47 1
814 59 467 0
478 250 12 1
1198 1250 595 0
98 600 371 1
288 1101 307 0
747 1202 184 0
1383 375 557 0
1234 534 357 1
1062 195 58 1
772 1082 100 1
1490 512 389 1
1202 894 74 0
755 589 5051 0
812 6 6993 1
533 622 369 1
247 419 455 1
129 312 299 1
343 1319 2003 1
1135 127 27 1
554 1261 5745 1
247 1410 181 0
312 956 383 1
780 382 9068 1
1267 384 475 1
1278 1281 6388 0
1459 76 645 0
608 174 216 0
489 1429 5872 0
1240 1250 606 1
537 425 470 1
40 723 343 0
655 1234 664 0
1366 237 427 1
919 238 694 0
325 1210 123 1
1283 186 377 1
32 424 372 0
101 999 9612 1
1117 147 206 0
1101 480 547 0
928 1495 631 1
1063 88 355 0
1026 830 7729 1
1225 1460 300 0
1151 1317 176 0
288 726 7465 0
27 1128 246 0
1026 629 310 1
530 772 595 0
872 884 211 0
220 640 225 1
678 966 685 0
342 1396 5867 1
299 832 96 1
694 1008 7888 0
681 22 297 0
499 255 5506 1
1004 105 592 0
220 18 3310 1
655 951 698 0
1197 1005 9219 0
1363 1 694 1
1029 857 11 0
1399 1294 547 0
1394 48 8563 1
134 228 1565 1
476 781 92 0
1198 775 4314 0
275 1104 634 1
253 749 391 1
1164 327 61 0
1396 22 462 0
1277 79 473 0
709 844 3062 0
1136 1081 601 0
283 538 658 0
237 141 408 0
1482 1405 699 1
748 654 5313 1
1228 1341 256 1
1384 1382 589 1
234 91 327 0
1317 129 416 1
612 141 579 1
443 907 4684 1
668 353 1536 1
230 1479 612 1
339 67 374 1
1263 1390 12 1
380 293 589 1
1057 1367 686 1
1390 669 479 1
1214 1004 520 0
1476 987 7108 0
1476 746 6090 0
438 743 720 1
109 623 101 0
270 631 366 0
1136 1097 61 1
537 984 594 0
1313 124 6 0
1395 996 571 0
63 972 6035 1
417 302 527 0
1075 1350 483 0
981 546 64 1
95 872 8187 0
703 1233 674 1
307 672 8944 0
810 422 396 0
728 240 4291 0
917 1328 511 0
1063 903 714 0
353 1077 5971 0
1248 720 650 1
1067 805 3977 0
1408 255 5248 1
344 1111 33 0
897 174 526 1
453 495 5656 1
791 72 8481 0
1099 1130 264 1
702 849 504 0
235 1450 247 0
817 566 3651 0
749 189 5717 1
1374 1229 440 0
544 1214 177 0
196 185 7892 0
336 1192 6112 1
950 1128 395 0
518 303 9502 1
1208 270 7905 1
299 1483 4543 1
559 133 9367 0
349 91 308 0
1318 1202 563 1
1136 484 689 1
1480 1299 361 0
1455 964 6499 1
149 644 541 1
712 1190 372 0
656 1141 392 0
70 1250 4139 1
238 825 594 0
1191 357 438 1
225 245 39 1
1430 1476 259 1
1250 34 639 0
350 1064 88 0
359 298 1643 0
868 1089 13 1
797 1113 7208 0
857 669 170 0
1460 187 5613 1
320 183 62 0
311 1322 309 1
1204 470 174 1
1373 506 1150 0
337 1413 9977 0
1128 1465 528 0
603 198 688 1
494 717 441 0
657 89 91 0
1124 654 8361 0
1434 1436 7253 1
126 917 367 0
303 1174 401 0
1061 818 160 0
235 1093 256 0
1341 476 7770 0
539 135 115 0
543 1028 6 1
1169 101 611 0
499 703 243 1
10 586 8881 1
124 308 713 0
1132 1444 607 0
99 942 1865 1
1381 177 159 0
1017 1070 6571 0
919 276 557 1
744 1032 45 1
1061 145 41 0
834 66 556 1
773 1170 344 1
1115 1327 254 1
442 116 8715 1
1191 586 2381 0
1219 116 6003 1
715 285 512 0
652 907 3476 1
204 847 440 0
1384 88 73 1
1147 1179 3206 0
649 574 59 0
24 75 4098 0
917 991 9604 1
1326 1406 6434 0
19 684 239 1
620 1478 9644 0
1228 1107 3009 1
1327 288 341 1
692 1067 544 0
1240 370 524 1
89 473 40 1
430 1171 153 0
1029 159 230 0
934 484 2458 0
635 35 499 0
1095 208 1495 1
478 1048 7489 1
422 1176 5041 1
1150 782 9548 0
55 361 87 0
574 270 580 0
16 160 224 1
1207 1039 537 1
441 1181 692 1
1113 1060 446 1
755 970 229 1
718 374 184 1
1061 1471 460 1
942 81 7930 1
1350 572 367 1
461 295 4040 0
363 666 4079 0
29 603 438 1
1433 1348 148 0
1106 1325 336 1
624 927 53 1
863 547 577 1
1457 405 1196 0
520 734 366 0
294 109 325 0
1108 585 45 0
1140 843 264 1
641 127 61 0
449 1363 243 0
519 1391 4846 0
1205 238 558 0
787 1233 509 1
560 24 4844 0
5 338 431 1
630 756 47 1
750 1009 328 0
474 843 2544 1
1018 1235 72 1
994 121 6753 1
1410 480 69 0
750 785 4905 1
130 819 2148 0
1206 1169 700 1
1119 31 306 0
1420 261 81 1
409 642 424 1
1129 489 228 1
76 732 57 0
1322 1049 465 1
588 1070 3516 0
7 659 6 1
506 130 470 0
659 79 2324 1
660 1191 649 0
1415 1195 633 1
854 635 18 0
1333 816 268 0
810 595 1428 0
925 1415 724 1
1419 864 118 0
420 1352 6469 1
1121 1369 141 0
443 711 430 0
722 767 444 0
1224 468 7933 1
589 446 3104 0
870 576 221 1
723 915 515 1
1373 179 572 0
759 1491 3645 0
448 815 2286 1
186 1342 65 1
377 96 8516 0
557 235 173 0
1231 87 3854 1
1396 836 6424 1
535 1404 106 1
306 1461 5230 1
801 586 350 0
489 579 496 0
1178 701 371 1
695 443 253 0
897 32 497 0
303 1402 647 1
1144 350 522 0
498 443 714 1
969 1331 370 1
461 393 9233 1
508 867 3155 0
197 316 438 0
882 1271 312 1
844 200 660 1
1310 1004 3058 1
1099 650 508 1
804 1020 562 1
192 600 116 0
1285 1445 457 1
90 1024 61 1
647 1436 379 1
826 771 398 0
1242 1148 1345 1
1222 845 6908 1
982 814 423 1
413 1136 4185 0
199 749 622 0
290 435 42 1
938 196 340 1
241 700 693 1
942 901 517 0
752 1240 705 1
366 218 448 0
910 284 9528 1
1285 1420 9277 0
649 546 233 0
652 665 693 0
1476 496 309 1
473 358 554 0
1057 476 654 1
806 829 387 1
637 1377 710 0
712 1041 148 0
393 392 1125 0
990 129 4530 1
1179 465 598 1
648 203 5902 1
429 919 305 1
1453 783 458 0
180 507 6625 0
106 1081 542 0
510 34 437 0
1134 673 642 1
1197 902 271 1
497 1103 7001 0
981 724 366 1
184 82 1405 0
901 1250 431 1
226 817 9417 0
1257 563 454 0
1085 49 6399 1
268 589 392 1
723 1239 617 1
68 99 9612 0
1381 1277 4839 1
432 614 210 0
859 256 414 0
353 1293 2925 1
1261 548 559 1
1005 989 1673 1
948 1026 7494 1
1323 813 529 0
129 724 687 0
1032 59 363 1
246 163 95 0
743 29 514 0
673 72 290 1
320 1165 1989 1
13 744 691 0
124 768 219 0
1264 1350 149 1
259 1434 168 0
1031 45 414 0
395 658 4494 0
476 903 379 0
4 134 676 1
1108 455 745 1
1433 1430 16 0
766 240 1200 0
1141 1143 380 1
845 133 648 1
1426 826 6422 0
1245 880 8169 1
97 1298 7809 1
1243 384 217 1
276 1136 272 1
1017 1069 9430 0
569 955 358 1
41 7 126 0
278 891 450 0
1140 1371 189 1
308 617 686 1
86 1089 227 1
1022 1138 54 0
1437 1060 7882 1
1102 1081 1012 1
464 1133 133 0
110 414 2 1
245 1169 1372 0
787 1246 498 0
1399 297 404 0
309 687 401 0
717 265 114 0
864 933 531 1
758 1188 315 0
291 578 444 0
322 1200 7980 0
1108 481 7882 0
263 846 333 0
347 1499 3140 0
24 711 55 0
708 1118 4461 0
1228 485 629 1
1058 1347 7600 1
1326 608 340 0
379 83 6263 0
1211 127 201 0
345 1220 272 1
716 1133 244 0
1031 1053 594 1
525 1480 157 1
367 655 558 1
301 908 7320 0
239 258 2818 1
459 1374 577 1
814 1078 694 0
52 1433 2914 0
317 1071 2846 0
954 1336 661 1
1455 1096 459 1
1312 1209 8511 0
400 1495 478 1
230 1355 382 0
1369 1329 3743 0
1409 1062 82 0
537 1162 126 0
160 1168 688 1
661 1289 4151 0
541 1283 1539 1
61 568 6526 0
982 679 486 1
188 210 306 0
747 1274 6750 1
447 1234 5007 0
241 1099 137 1
840 526 3042 0
1442 614 4236 0
1315 1159 54 0
767 1153 3043 0
559 455 48 1
548 696 493 1
654 875 8741 0
312 1255 576 0
440 656 2014 0
1277 1198 1515 1
104 11 466 1
626 748 1298 1
980 50 614 1
666 765 6236 0
260 236 578 1
645 825 63 0
423 959 149 0
418 948 2590 0
404 505 4918 1
914 949 4 0
181 1167 645 0
943 1056 9662 0
1486 1279 6744 0
98 911 521 1
951 273 4189 0
399 1042 122 1
1310 771 9704 0
117 762 356 0
530 51 4149 1
1153 1210 206 0
175 498 8499 0
1343 899 369 1
948 1036 8685 1
551 1333 4165 0
1064 926 552 1
1149 65 366 1
659 700 5090 1
211 999 147 0
539 196 79 0
1224 745 267 1
1118 499 681 0
1256 358 4560 0
591 731 84 0
210 615 6424 1
110 1094 9293 0
954 564 718 1
1358 907 381 0
1447 582 2906 0
314 1087 48 0
986 1450 73 1
192 965 693 1
1303 1107 481 0
1386 205 8439 1
369 1167 122 1
1381 1354 246 0
864 1155 1013 0
1000 572 8443 1
409 177 685 1
793 789 585 0
1279 955 582 1
399 701 9934 0
1462 981 5 1
172 754 125 1
947 590 460 1
49 253 8920 1
1379 1070 4164 0
859 579 641 0
321 79 5289 0
617 503 7858 1
1383 590 6053 0
257 578 578 1
1011 1112 259 1
406 519 7609 1
183 1094 698 0
806 31 472 1
36 1188 29 0
955 331 293 1
935 354 490 1
1119 519 359 0
484 1293 458 0
506 1490 231 0
165 346 717 0
440 33 660 0
1155 313 311 0
1201 587 1686 0
682 970 321 0
1084 801 1128 0
155 1405 99 0
663 1170 708 0
312 790 4595 0
640 1059 2462 1
389 338 667 0
241 1325 6870 1
766 1412 611 1
1115 1087 5730 1
272 939 4029 1
1059 608 9239 0
230 562 347 0
901 1382 124 0
1064 261 78 1
339 1413 62 1
1136 231 529 1
1497 1398 570 1
1160 1082 640 1
510 1358 7638 1
38 1031 349 1
301 288 701 0
532 675 2731 1
1342 534 472 1
1081 82 130 0
857 366 60 0
55 998 891 0
528 294 579 0
219 1244 626 0
915 1062 196 1
1007 907 539 1
438 155 2985 1
500 354 668 1
119 1475 427 1
163 1028 176 1
1042 1219 76 0
302 1230 305 1
652 429 212 1
1352 99 436 1
375 574 46 1
129 880 496 0
676 1390 92 0
1239 461 9534 0
376 408 3172 0
373 599 147 0
436 1188 8943 1
309 1448 4 1
443 131 442 0
1405 462 137 0
580 1436 1214 0
504 753 3992 0
879 232 137 1
467 1001 2259 0
28 684 54 1
1180 827 574 1
115 178 2368 0
1101 317 23 1
440 689 337 0
145 52 5409 1
809 1377 3354 0
1266 1486 203 0
1354 569 650 0
1448 211 1714 0
1328 1289 185 0
280 1016 3386 1
1136 1154 399 0
53 553 6893 0
1461 375 521 1
1139 1389 432 0
570 113 1940 0
1033 370 5372 1
79 1388 545 0
1255 1094 3134 1
662 1458 439 1
1418 559 519 0
392 634 7647 0
639 62 8075 0
1100 1214 6713 0
1034 991 259 0
1410 1440 682 1
849 112 4717 0
14 1466 37 1
313 0 621 1
1021 1274 80 0
145 126 8912 0
1289 676 160 0
135 159 96 1
242 1170 356 1
592 506 561 0
1078 876 610 1
1430 1209 485 0
1287 1187 3591 1
762 1123 3844 0
872 884 448 1
557 1174 423 0
897 385 193 1
1394 958 1523 1
678 221 551 1
212 356 705 0
128 932 523 1
1140 811 181 1
1035 848 669 1
1389 311 290 0
109 571 647 0
757 1484 3448 1
682 37 538 0
1224 839 608 1
777 1124 8046 0
398 560 1515 1
1279 242 699 0
1008 330 709 1
1212 951 592 0
1454 1443 418 1
615 408 2328 1
1332 561 724 1
982 191 281 1
793 1069 396 0
1475 441 368 0
501 463 218 0
1208 1099 4250 1
1261 829 3325 1
1040 1402 175 0
801 443 220 0
843 1389 437 0
1144 25 376 0
596 607 618 1
1299 918 3620 1
480 1269 512 0
210 487 527 1
624 1487 20 1
112 139 2334 0
107 142 90 0
341 770 685 1
1066 894 6189 1
964 1392 1701 0
1398 375 324 1
921 787 651 0
705 607 288 1
1071 1096 403 0
1344 307 696 0
377 763 3208 1
411 1377 567 0
590 519 6454 1
1247 514 460 1
817 770 7873 1
597 1354 1502 1
9 174 76 0
621 1029 252 1
14 909 165 0
472 24 73 0
924 386 6561 1
1469 1354 430 0
1366 384 287 0
97 747 4705 1
734 1090 259 1
789 780 130 1
38 625 7977 1
151 543 367 0
1060 1465 688 1
70 137 117 0
1337 330 3632 1
1183 1202 7395 1
1359 405 145 1
1481 3 9382 0
1420 1332 209 0
357 823 323 0
716 98 646 0
176 745 677 1
707 1221 152 0
211 24 595 0
929 313 763 1
671 189 484 1
706 147 7256 0
931 1145 454 0
1426 1441 596 0
1131 9 577 0
27 836 43 0
594 909 73 1
273 71 6138 0
1372 776 221 0
163 754 474 0
181 511 651 0
995 527 611 1
286 1408 3027 0
1324 318 654 0
606 567 18 1
5 169 413 1
1036 44 2633 0
1442 848 454 0
1491 634 632 1
241 371 624 0
1202 1204 7065 1
885 1193 113 0
162 1073 536 0
908 662 619 1
1389 337 439 1
993 610 518 1
223 680 301 0
467 120 4279 1
1160 1435 522 0
645 671 519 1
724 889 40 1
661 163 378 1
69 334 7508 0
34 188 8686 0
1290 36 5786 0
376 803 899 1
763 1109 604 1
860 91 285 0
1077 617 228 1
1371 817 138 1
1328 1375 698 0
235 90 40 1
492 665 236 1
1262 1284 0 1
1439 233 243 1
459 462 4511 1
1452 647 6181 1
1023 518 638 0
812 507 202 0
1354 1217 201 1
725 960 9511 0
1019 443 147 0
1153 919 448 0
15 393 165 0
549 332 445 1
887 891 23 1
342 148 40 1
1023 933 574 1
1172 1116 7652 0
496 738 299 0
286 182 246 0
733 311 9 1
680 529 471 0
541 601 155 1
1061 1001 369 0
631 183 3536 0
886 26 292 1
650 222 3524 0
954 1281 337 1
742 938 5768 1
1260 902 321 0
99 26 314 1
1078 1224 4941 1
1443 884 3 1
442 1116 112 1
66 1458 417 0
656 469 7431 0
971 743 301 1
448 778 289 1
1018 475 0 1
399 619 2990 1
162 181 294 0
378 1340 207 1
646 1374 225 1
980 184 189 0
1471 1464 324 0
1274 367 6580 1
4 688 431 1
628 1088 365 1
77 853 7717 1
689 637 1115 0
89 1264 623 0
1133 986 5601 0
1160 781 694 1
1486 390 220 0
518 800 79 0
699 940 209 0
837 483 392 0
378 802 61 1
934 271 701 0
946 340 146 0
1363 470 189 0
726 842 127 0
62 617 653 0
410 397 585 1
1018 615 5145 1
569 479 419 1
609 784 479 1
550 519 229 0
683 1349 270 1
1083 733 9406 0
689 74 137 1
309 1112 377 1
111 139 176 0
219 209 3082 1
1225 903 649 0
1247 821 6665 1
680 1293 693 0
737 1380 5173 1
758 884 8 1
927 1267 224 1
1389 904 195 1
215 833 465 0
41 791 7171 0
498 675 156 1
1294 1235 3116 1
757 488 2711 1
100 969 471 1
689 675 8189 0
720 314 533 0
858 1479 5816 1
604 1085 5838 1
320 1168 683 1
1175 402 306 0
689 597 320 1
758 65 29 1
495 1048 33 0
192 825 636 0
656 1264 486 1
1123 1294 2456 0
1342 1403 3691 0
1070 12 5305 0
920 1011 338 0
963 994 489 0
393 651 4220 1
609 248 4579 0
365 1490 139 1
1395 1114 3662 0
93 953 145 1
769 281 506 0
1171 1498 4186 0
124 812 3881 0
890 730 59 1
1323 988 6381 0
1483 680 259 1
328 824 7 1
1131 156 357 0
901 1115 277 0
1234 792 32 0
558 1242 6061 0
1294 155 236 1
745 406 4543 1
162 774 557 0
994 496 2481 0
303 942 180 1
728 815 562 1
1408 285 589 0
864 461 1821 0
46 98 656 1
756 834 536 1
298 943 1643 0
1173 514 692 0
1104 1470 314 0
596 883 150 1
669 53 9385 1
802 1281 692 0
1405 737 1147 1
854 5 211 0
1027 864 545 0
1460 884 374 0
772 828 8743 1
251 1021 199 0
407 2 511 1
1095 849 164 1
810 9 640 0
430 1089 343 1
1008 1206 53 1
1007 989 392 1
1363 420 299 1
507 1011 355 0
117 281 83 0
479 887 704 0
1010 556 124 1
1442 1245 549 0
1040 933 8221 0
1267 677 3 0
268 398 656 0
30 1236 2574 0
270 211 638 1
675 565 472 0
864 832 522 0
468 501 3763 1
501 134 368 1
763 1361 219 0
1242 444 1745 0
150 1 489 1
770 669 64 0
444 1318 581 0
79 1069 37 0
1110 779 1252 0
452 348 319 0
1347 748 200 1
309 771 528 1
56 55 8544 0
1038 112 191 1
416 365 345 1
1493 990 8475 0
1133 199 8097 1
1252 1227 642 0
936 1114 512 0
1490 230 4 0
317 444 651 1
85 460 6837 0
1149 971 228 1
980 176 423 0
365 826 4356 0
211 235 677 0
266 445 484 1
221 202 57 1
1008 1360 631 0
1457 579 150 1
872 869 7767 0
79 205 8419 1
108 1299 3325 0
336 1334 157 0
1118 1169 559 1
602 2 5295 0
538 527 369 0
264 598 640 1
122 574 6306 1
1415 153 704 1
101 1172 33 1
399 1020 1403 0
998 901 382 1
605 492 4036 0
635 1397 391 0
207 604 27 1
50 1457 671 1
74 1350 281 1
45 517 19 0
59 936 116 0
1181 677 565 0
845 897 453 1
1456 46 7022 0
886 518 678 0
291 885 366 1
1249 398 4782 0
470 1009 315 1
316 785 641 0
951 1201 5861 1
1336 145 284 0
386 1306 84 0
1029 629 6098 1
838 1421 205 0
114 375 9966 0
933 1245 228 1
403 833 2629 1
129 406 657 1
572 278 6228 1
319 1268 3997 1
271 106 219 1
1265 908 6386 1
1294 235 27 0
849 911 3820 0
1451 1159 4269 0
702 504 706 0
1156 1033 239 1
669 58 1336 1
834 817 5518 1
1293 917 4102 1
647 707 1725 1
477 789 232 0
450 1239 316 0
339 1397 4708 0
1320 751 623 1
26 704 79 0
1381 778 7722 1
0 243 601 1
222 1142 619 1
71 857 378 0
330 1224 565 0
826 942 473 1
1204 937 328 0
1071 675 636 0
499 244 434 1
1309 807 62 0
458 1405 578 1
576 1439 132 0
1246 928 8520 0
502 1394 4417 1
1205 669 413 1
634 54 605 1
1389 103 4079 1
364 1306 656 1
1213 1318 72 0
354 828 169 1
1436 685 134 1
1259 517 8647 1
598 431 78 0
350 718 613 0
924 330 210 0
160 1184 1410 0
549 965 302 0
1118 363 571 0
1179 232 590 1
926 323 5733 0
378 1221 3137 1
938 1383 255 0
33 666 8783 1
561 27 348 1
760 47 2144 0
126 1277 5753 0
599 66 2216 1
154 1117 443 0
1311 1403 8624 1
372 1378 709 0
300 1008 58 0
1452 1294 694 1
1409 1038 186 1
706 783 198 0
544 724 475 0
1185 529 46 0
793 437 314 1
391 1066 432 1
476 60 381 1
709 1273 257 1
98 1240 162 1
441 393 579 1
598 491 68 1
899 504 228 1
1375 343 307 1
617 1020 1478 1
633 389 454 0
282 873 477 1
422 848 199 0
188 323 77 1
312 1 504 0
175 226 1589 1
255 592 27 0
681 1066 48 1
275 902 497 0
1279 831 452 0
1396 1121 112 0
1220 1187 116 0
1356 817 285 0
1196 487 1167 0
308 30 559 0
770 990 670 1
1329 936 428 1
778 1457 1781 0
1446 1110 1897 1
498 323 689 1
1047 827 576 1
912 308 2378 1
1480 1334 266 0
344 90 8261 1
1300 402 376 0
1296 566 311 1
352 505 458 1
560 758 222 0
1242 776 242 0
1232 766 636 0
1218 1175 497 0
772 1346 5813 1
894 1401 194 1
1271 1241 586 1
265 399 290 0
1009 1292 1347 1
291 1324 6199 1
539 1013 5281 0
332 882 291 0
1477 259 589 0
291 1248 65 1
59 802 401 1
512 1403 643 0
648 333 409 0
1229 1303 637 1
620 543 534 0
610 293 145 0
600 677 658 0
1089 683 563 1
672 263 43 1
1150 358 308 1
1087 439 511 0
412 638 125 0
396 688 625 1
73 147 8335 0
667 454 7878 0
1122 65 165 0
86 1269 986 1
46 707 448 1
546 809 102 0
235 1279 6897 0
653 1227 408 0
939 721 677 0
1287 693 619 0
623 414 724 1
207 811 312 0
449 599 3267 0
97 541 470 0
1131 1199 5551 0
686 1470 662 0
894 485 391 1
733 1010 2283 0
958 965 696 0
1179 280 709 1
479 542 717 1
1121 1114 481 0
677 1439 446 0
1110 1484 502 1
1400 1371 356 0
1039 533 617 1
710 18 8193 1
679 33 225 1
395 132 288 1
727 978 5524 1
1429 588 8688 1
748 149 713 0
948 181 100 1
348 476 307 1
1211 661 440 1
1161 285 4306 0
1073 922 7889 0
25 419 220 1
35 184 579 0
1420 294 212 0
31 531 6548 0
289 175 292 0
456 925 7874 0
231 803 398 1
279 77 7797 1
54 1080 538 1
1104 184 808 0
1395 688 663 1
720 605 182 0
659 791 318 1
1298 245 355 1
483 598 312 0
0 1283 145 0
590 1168 138 1
1438 689 142 0
1330 670 3205 1
855 620 4799 1
1293 764 531 0
49 501 99 1
311 806 8510 0
385 842 111 0
316 1108 9034 0
771 923 586 1
830 585 409 1
1408 972 409 0
742 815 632 0
1394 55 162 0
854 774 397 0
26 733 545 1
39 96 622 0
106 399 702 1
637 540 572 1
824 1227 413 0
1308 716 579 0
912 924 9246 0
296 22 454 0
1429 120 8460 1
1126 1244 188 0
1439 1394 6781 0
512 1489 188 1
622 408 633 0
1123 1300 131 0
1485 276 641 1
1287 716 501 1
1155 1212 4359 1
418 253 674 1
241 835 699 1
773 548 117 0
18 955 1209 0
156 1191 403 1
1157 1495 5273 0
1187 651 80 0
251 719 580 1
240 359 389 0
443 1062 412 0
25 681 484 0
204 744 509 1
296 1066 9577 1
851 873 7621 0
252 498 4075 1
1097 1329 4571 0
1368 454 631 1
816 876 651 1
1054 322 494 0
736 878 714 0
1428 770 537 0
1136 451 666 0
879 1193 580 1
929 555 390 1
611 82 28 0
121 783 104 1
207 633 280 0
1247 200 27 1
866 425 247 0
1471 918 854 1
622 1064 514 0
1110 1123 160 0
443 255 7212 0
288 319 688 0
47 893 486 1
1466 540 218 1
584 1202 9968 1
172 1137 417 1
288 730 379 0
808 1240 439 0
159 936 502 1
321 1086 88 1
1137 865 548 0
1217 683 497 0
1143 277 389 0
616 175 430 1
793 1213 465 1
319 168 264 0
1351 1015 687 1
467 1138 89 0
958 661 662 1
240 141 3185 0
621 1436 2815 0
754 903 4741 0
1108 354 705 0
507 879 623 1
1232 382 212 1
537 238 514 0
424 1239 151 0
233 1240 401 1
521 434 334 0
1375 1305 302 1
540 1114 305 0
519 1138 2117 1
566 1067 178 0
623 206 422 1
1431 1456 95 0
1226 1199 722 0
873 597 860 1
1279 1103 6082 1
1334 1278 447 1
935 938 7250 0
58 240 6690 0
934 296 2329 0
1082 154 354 1
1496 1198 2168 0
290 1269 598 0
680 774 362 1
214 1018 466 1
1373 404 9793 1
826 936 9018 1
33 857 9133 1
373 533 115 0
501 180 270 0
1361 1015 426 1
6 789 395 0
1302 688 31 0
434 1446 224 0
1247 624 176 1
1036 1000 563 0
1458 565 273 1
125 347 532 0
477 188 253 0
579 812 163 1
1411 917 708 0
298 135 162 1
989 1154 485 0
1164 777 120 0
301 1073 9363 0
208 357 603 1
1424 1098 359 1
393 479 119 0
648 350 2826 0
453 871 57 0
518 513 683 1
935 208 682 0
1017 982 399 0
915 858 4043 0
1168 942 131 1
218 287 33 1
1197 373 140 1
173 1252 584 1
447 154 189 1
1362 677 623 1
1292 1135 3606 0
880 545 533 0
1372 516 613 1
425 1469 2349 1
640 1315 3629 1
1406 715 70 1
1269 6 2915 0
63 969 614 1
1247 688 339 0
1149 593 308 0
81 812 5896 0
931 854 642 1
870 462 640 1
856 543 193 0
1463 691 611 0
74 548 277 1
9 66 596 1
299 925 8983 0
2 593 2395 0
30 938 368 0
1150 21 162 0
1319 982 2440 1
682 681 7679 0
234 771 308 1
86 715 413 0
1346 542 690 0
427 166 103 0
1200 1040 390 1
1074 351 8096 0
207 1182 610 1
733 667 5801 0
1051 1408 2461 1
866 452 710 1
35 1206 6547 0
1 458 676 0
643 439 298 1
221 491 4369 0
673 391 3536 1
1092 305 241 0
361 572 1 0
1242 692 716 0
1212 598 9228 1
1097 910 474 0
1023 1328 680 0
80 1301 5006 0
185 774 71 0
1036 675 465 0
148 805 683 1
336 140 446 1
1253 443 128 0
484 450 388 0
733 489 630 1
894 1193 439 1
1178 328 117 0
1121 174 151 1
1074 1326 482 0
249 25 523 1
100 673 9674 0
1380 1364 109 0
1171 21 9701 1
948 1060 4986 1
1475 1279 704 1
556 1318 2596 0
361 1171 5329 1
512 680 239 0
444 765 8235 0
103 1289 708 0
617 1376 527 1
210 572 657 1
1299 476 4178 1
513 40 1696 0
503 1024 654 1
1157 253 465 0
484 699 2382 0
494 482 63 0
32 849 4440 1
979 236 557 0
356 805 212 0
1002 250 665 1
177 662 6327 0
1039 438 189 0
338 703 6675 1
629 246 232 1
418 1164 19 1
1312 374 536 1
519 1129 6534 1
822 926 482 0
35 669 195 0
293 506 557 1
742 880 540 1
895 954 625 1
447 76 487 1
1371 591 5561 0
827 1219 118 1
559 489 699 0
1158 302 9308 0
27 707 262 0
363 55 369 1
459 641 15 0
443 201 6732 0
560 1426 362 0
1162 59 8028 1
216 1174 583 0
212 1388 689 0
143 391 369 0
1081 960 6730 0
1182 305 1407 1
1431 1233 2 1
951 1251 9319 1
372 976 92 0
1134 1239 607 1
826 952 1672 1
181 145 8787 1
408 1163 2113 1
693 1342 709 1
712 880 4653 0
670 612 461 1
1338 625 724 0
941 1430 8135 1
1355 700 4178 1
1293 873 3322 1
389 1203 9605 1
1065 1009 30 1
149 456 1146 1
513 1099 8959 0
1360 1270 6403 0
1417 251 222 1
941 937 705 1
446 620 62 0
892 226 185 0
1149 496 7942 1
1420 475 535 0
390 50 128 1
198 719 1082 1
954 34 34 0
1087 1450 632 0
1008 661 1568 1
763 1427 4254 0
935 255 668 0
849 692 364 0
106 378 296 0
724 218 683 1
456 474 379 0
479 1280 7705 0
1469 917 154 0
1188 1071 4981 0
430 364 4809 1
637 647 202 0
418 538 3625 1
644 561 266 1
547 138 599 1
324 857 134 0
956 1053 7082 0
596 324 608 0
389 412 503 1
1035 1433 12 1
1409 591 4225 1
1331 1471 151 0
1484 1077 575 0
187 1460 6418 0
1182 712 508 1
1092 1267 631 0
662 1227 8713 0
1152 1493 4645 0
207 781 173 1
464 509 306 0
1376 988 311 1
184 681 201 1
1099 584 149 0
126 627 128 0
712 36 3308 0
1002 1064 380 1
1455 973 642 1
1305 1130 1594 0
972 1280 6787 0
547 641 146 1
1419 55 647 1
1465 566 47 1
461 1332 396 0
772 1065 689 1
190 334 4081 1
1463 523 6783 0
391 50 668 1
1013 293 205 0
21 845 509 0
358 1067 692 0
638 234 84 0
43 1357 461 1
226 1249 1998 1
1016 1036 0 1
1249 1414 255 1
721 79 116 0
1496 423 6288 1
1349 1131 469 1
1214 936 5117 1
657 936 71 1
832 661 226 1
1347 664 498 1
1371 587 443 0
989 348 6995 0
1180 351 82 0
1270 1031 7472 0
1164 856 37 1
483 341 523 1
1380 1185 6244 0
412 1418 666 0
641 51 8001 0
483 1259 258 0
1033 1428 581 1
565 1426 335 0
15 853 113 0
1297 266 546 0
858 1260 5828 0
223 71 578 1
70 1487 117 0
943 500 612 0
342 657 9 1
227 1256 638 1
817 96 505 0
252 211 73 0
1307 351 161 0
1335 632 4155 1
566 868 330 1
1323 183 5851 0
1117 385 2212 1
954 960 212 1
996 1054 4909 0
1134 1261 2682 0
826 1103 298 0
1412 1384 4570 0
646 1477 78 0
1308 764 574 0
77 191 3450 1
564 124 711 1
1457 977 597 0
1465 1394 552 1
1314 448 466 1
1142 739 7695 0
859 709 287 0
786 1271 699 0
1139 1307 104 0
1391 871 142 0
1145 599 641 0
814 923 7143 1
1003 612 6933 0
376 1151 295 1
981 166 3951 0
830 588 622 1
1374 1212 404 0
591 1307 9570 1
632 1232 6232 0
1125 1178 537 1
242 527 390 1
624 1033 7154 1
771 1183 309 0
449 368 295 0
32 813 7774 0
1073 538 3440 0
1000 153 437 0
163 580 4853 1
1294 416 721 1
620 1220 6718 1
447 1192 621 1
633 161 386 1
1129 381 344 0
93 615 5133 1
1258 996 626 0
809 1329 432 1
1192 499 506 1
965 1203 8332 1
407 306 364 0
1461 4 680 0
1183 1068 428 0
569 1444 451 0
293 1195 156 0
877 98 312 1
963 1000 426 1
747 422 132 1
509 1251 3942 1
801 1438 104 0
1236 744 4451 0
232 335 594 0
1225 158 627 0
439 468 380 0
1320 1196 421 0
290 1214 2545 1
904 1160 442 0
1103 1025 361 0
1095 815 677 0
1492 957 96 0
928 1250 128 1
1251 647 695 1
986 1463 174 1
1133 118 5435 0
1010 130 3 1
1301 1452 36 0
536 809 659 1
159 64 402 0
1154 778 2859 1
1091 90 198 1
1456 688 585 1
207 897 327 1
1228 768 4283 0
10 1490 6883 0
623 485 6762 0
24 680 600 1
1242 342 110 1
719 1297 472 1
1132 783 1502 0
1382 897 210 1
1488 442 106 0
576 74 8047 0
803 557 4562 1
537 354 369 1
904 1206 650 0
636 436 593 0
13 1164 7202 1
936 110 42 1
1017 1461 492 0
1048 1269 4803 0
21 1089 3040 0
1148 1267 590 1
73 80 39 0
182 461 369 0
1438 53 199 0
1321 1325 718 0
1115 1051 8593 0
538 61 1708 1
234 1307 8706 0
993 77 93 0
519 799 2488 1
199 211 292 1
868 980 297 0
1136 1086 626 1
101 690 9927 1
606 343 251 0
697 331 59 1
1154 1219 7133 1
927 575 309 0
190 1473 8453 0
10 724 33 1
1230 716 296 0
870 1339 4606 1
1108 758 5998 1
1015 249 1751 1
306 1108 4321 0
1132 1174 150 0
367 930 715 1
1367 248 447 0
1256 352 71 1
530 1458 3140 0
253 116 4768 0
291 501 2992 0
903 1327 6685 1
1338 1372 375 1
254 348 4817 1
343 1011 155 0
959 1452 7133 0
1314 1197 254 0
875 771 477 0
1180 1162 553 1
95 908 443 0
342 1063 9902 0
576 399 124 1
639 790 5001 1
581 1391 666 0
1400 159 685 1
1233 700 437 0
276 1391 9564 0
1467 564 1 0
1271 98 682 1
116 1378 9497 1
1303 1207 983 0
263 640 151 0
1084 876 245 1
1495 651 9084 0
921 617 604 0
1317 1181 261 1
1285 61 654 0
1346 74 381 1
755 1294 2615 1
8 302 723 1
965 434 678 1
1161 1005 885 0
196 629 2109 1
430 263 3918 1
