1 2
0 0

1 2
2 1
0 0

99 100  50 51  10 11  99 10
0 0

50 51  10 11  99 100  99 10  99 50
0 0

5 6  95 6  4 5  94 95  3 4  93 94  2 3  92 93  91 92  90 91  89 90  88 89  87 88  86 87
85 86  84 85  83 84  82 83  81 82  80 81  79 80  78 79  77 78  76 77  75 76  74 75  73 74  72 73  71 72  70 71
2 70
0 0

5 6  4 5  94 95  3 4  93 94  2 3  92 93  91 92  90 91  89 90  88 89  87 88  86 87
85 86  84 85  83 84  82 83  81 82  80 81  79 80  78 79  77 78  76 77  75 76  74 75  73 74  72 73  71 72  70 71
2 70 0 0

-1 -1